sudo python loading_data.py -s 108963.0,112944.0,204723.0,110523.0,5287,117624.0,101443.0,110140.0,5333,128647.0,9508,117287.0,211255.0,108153.0,205194.0,108391.0,115391.0,206164.0,7529,9006,153880.0,102960.0,121360.0,107032.0,211110.0,106948.0,124649.0,204237.0,123824.0,105747.0,102098.0,102715.0,128658.0,189684.0,101064.0,111939,9079,102879.0,107465.0,213521.0,110526.0,109663.0,126837.0,106907.0,114523.0,124718.0,138793.0,137680.0,109366.0,137231.0,6464,110466.0,104406.0,6975,206665.0,143528.0,106142.0,111367.0,106078.0,5030,212944.0,213656.0,104374.0,101931.0,116474.0,103903.0,8683,6842.0,5695,123782.0,116275.0,112879.0,108623.0,116942.0,122749.0,123889.0,101053.0,111654.0,106576,105087.0,166740.0,154320.0,9498,111655,111530,121556.0,107385.0,148227.0,108086.0,142986.0  -b 2018 -e 2019 -o new_release_part_2_1
sudo julia -p 7 fit_smiles.jl new_release_part_2_1
sudo julia -p 7 est_parameters.jl new_release_part_2_1
sudo rm data/raw_data/opt_data_new_release_part_2_1.csv
sudo rm data/raw_data/dist_data_new_release_part_2_1.csv
echo 'Done with group 1/84' >> tracking_file_new_release.txt

sudo python loading_data.py -s 111798.0,108188.0,107117.0,109454.0,103145,135220.0,117644.0,103911.0,155602.0,121787.0,7302,116245.0,125176.0,151766.0,207384.0,203875.0,207909.0,5495,127432.0,108745.0,8449,106140.0,9514,205770.0,128622.0,203555.0,5214,108452.0,111510.0,101436.0,5431,107480.0,134925.0,102688.0,122485.0,154367.0,125230.0,103331,108197.0,104206.0,102795.0,109102.0,109136.0,108250.0,111782.0,152888.0,135439.0,101537.0,126977.0,7574.0,126970.0,104937.0,109980.0,126358.0,5087,106833.0,105070,143025.0,109603.0,213533.0,113167.0,107308.0,102730.0,127072.0,211143.0,109689.0,106039,6893,111018.0,138920.0,104873.0,108650,6614.0,116024.0,127222.0,205201.0,105180.0,204529.0,104758.0,9523.0,128571.0,5281,213556.0,110419,108156,212236.0,106555.0,103095.0,208381.0,110421.0  -b 2018 -e 2019 -o new_release_part_2_2
sudo julia -p 7 fit_smiles.jl new_release_part_2_2
sudo julia -p 7 est_parameters.jl new_release_part_2_2
sudo rm data/raw_data/opt_data_new_release_part_2_2.csv
sudo rm data/raw_data/dist_data_new_release_part_2_2.csv
echo 'Done with group 2/84' >> tracking_file_new_release.txt

sudo python loading_data.py -s 6253,109966.0,155281.0,101797.0,107525.0,110754.0,110364.0,102292.0,151709.0,107353,129485.0,111645.0,106939.0,103317.0,205763.0,166359.0,116022.0,148753.0,119892.0,129651.0,117675.0,112888.0,8314,137699.0,103729.0,155274.0,120925.0,7920,116356.0,154403.0,105228,188500.0,7141,111743.0,102038.0,112445.0,110985.0,104904,103532.0,123031.0,122353.0,7582.0,107854.0,204224.0,135186.0,106065,8782.0,124962.0,111892.0,101224.0,122442.0,113038.0,139994.0,103442.0,8744,112643.0,112098.0,101821.0,6830,112663.0,129104.0,135242.0,110205.0,102030.0,112460.0,139718.0,107035.0,105605.0,111056.0,213161.0,101354.0,122669.0,105866.0,106887.0,115436.0,109791.0,109587.0,6835,7753,103704.0,140615.0,6537.0,105540.0,5064,124953.0,110606.0,110073.0,112219.0,140309.0,112178.0  -b 2018 -e 2019 -o new_release_part_2_3
sudo julia -p 7 fit_smiles.jl new_release_part_2_3
sudo julia -p 7 est_parameters.jl new_release_part_2_3
sudo rm data/raw_data/opt_data_new_release_part_2_3.csv
sudo rm data/raw_data/dist_data_new_release_part_2_3.csv
echo 'Done with group 3/84' >> tracking_file_new_release.txt

sudo python loading_data.py -s 213044.0,212927.0,102552.0,127703.0,101348.0,124373.0,110070,108776.0,111787.0,109237.0,129066.0,203304.0,110682.0,112957.0,101046.0,5479,210306.0,128799.0,7215,102137.0,108871.0,134881.0,107487.0,133885.0,107551,211624.0,112343.0,109142.0,204285.0,109115.0,134662.0,102538.0,110956.0,114295.0,110630.0,142768.0,103920.0,107596.0,105791.0,152285.0,135209.0,111547,6840,126704.0,208687.0,106385.0,121361.0,116350.0,112610.0,9126,8995.0,5266,152045.0,114871.0,106251.0,103687,107389.0,105620.0,108234.0,110451.0,101083,111204.0,108040.0,6797,161549.0,134171.0,109959.0,105475.0,129447.0,111755.0,133901.0,125135.0,112299.0,188885.0,213407.0,147797.0,110624.0,128925.0,101838.0,112542.0,145975.0,151943.0,204767.0,129558.0,102162,116287.0,111153.0,6126.0,107303.0,107183.0  -b 2018 -e 2019 -o new_release_part_2_4
sudo julia -p 7 fit_smiles.jl new_release_part_2_4
sudo julia -p 7 est_parameters.jl new_release_part_2_4
sudo rm data/raw_data/opt_data_new_release_part_2_4.csv
sudo rm data/raw_data/dist_data_new_release_part_2_4.csv
echo 'Done with group 4/84' >> tracking_file_new_release.txt

sudo python loading_data.py -s 105552.0,138352.0,5585,111490.0,109263.0,108169.0,7783,204746.0,210825.0,109203.0,139610.0,146083.0,144663.0,188658.0,188934.0,136319.0,121521.0,107336.0,116441.0,204185.0,106280.0,7016,105748.0,103405,125043.0,5889,5960,6286.0,106352,111834.0,128699.0,110371.0,116778.0,108738.0,188938.0,103303.0,212941.0,9105,122444.0,103769.0,211519.0,127449.0,107384.0,5316,213134.0,206113.0,107902.0,134589.0,114454.0,155271.0,213789.0,8250,104358.0,107563.0,108727.0,119864.0,7770,8198.0,105102.0,147362.0,108474,108686.0,135063.0,138515.0,140456.0,6732.0,211686.0,9251,5604,105577.0,110826.0,7737,109062.0,128697.0,127426.0,102134.0,109780,139362.0,125065.0,212505.0,101496.0,148582.0,110136.0,110919,103159.0,120161.0,212603.0,139093.0,207184.0,103506.0  -b 2018 -e 2019 -o new_release_part_2_5
sudo julia -p 7 fit_smiles.jl new_release_part_2_5
sudo julia -p 7 est_parameters.jl new_release_part_2_5
sudo rm data/raw_data/opt_data_new_release_part_2_5.csv
sudo rm data/raw_data/dist_data_new_release_part_2_5.csv
echo 'Done with group 5/84' >> tracking_file_new_release.txt

sudo python loading_data.py -s 116427.0,103840.0,208314.0,110467.0,147704.0,5304,107309.0,9481,7972.0,116765.0,121569.0,5797,105678.0,9361,213517.0,115937.0,116910.0,138915.0,166314.0,108977,105375.0,105875.0,189987.0,102200.0,107432.0,143019.0,213384.0,204201.0,155275.0,114668.0,9557,129755.0,103191,213827.0,8721,136200.0,100916.0,102065.0,103511.0,106322.0,104371.0,121552.0,211359.0,204869.0,126196.0,106992.0,112189.0,104823.0,7670.0,106374.0,189958.0,104004.0,112883.0,113738,140449.0,207075.0,104694.0,209838.0,106377.0,135107.0,7394,108898.0,104964.0,154614.0,111134.0,107240.0,106316.0,8699,107684.0,5374.0,142943.0,138327.0,111410.0,207189.0,139796.0,114634.0,101295.0,106303.0,106873.0,208398.0,138923.0,162208.0,101375.0,108768.0,110403,108378.0,107853.0,146139.0,155366.0,8555  -b 2018 -e 2019 -o new_release_part_2_6
sudo julia -p 7 fit_smiles.jl new_release_part_2_6
sudo julia -p 7 est_parameters.jl new_release_part_2_6
sudo rm data/raw_data/opt_data_new_release_part_2_6.csv
sudo rm data/raw_data/dist_data_new_release_part_2_6.csv
echo 'Done with group 6/84' >> tracking_file_new_release.txt

sudo python loading_data.py -s 125238.0,102949.0,133962.0,213636.0,129614.0,105009.0,6001,112324.0,204472.0,108249.0,8925,112065.0,211294.0,107227,103578.0,110696,115029.0,112537.0,134661.0,121811.0,145982.0,133932.0,118969.0,102150,105562.0,105670.0,110662.0,139262.0,121986.0,145681.0,127145.0,101816.0,109376.0,104407,106324.0,6789,107611.0,103131.0,207048.0,155138.0,7446,152868.0,204771.0,128011.0,108994.0,204469.0,107967.0,111747,108037,7483,105018.0,100997.0,110413.0,103519.0,8441.0,126971.0,105464.0,106742.0,5711,105835.0,106838.0,117431.0,125106.0,137726.0,110410.0,144624.0,205039.0,102367.0,110294.0,8049.0,111370.0,134185.0,106194.0,111721.0,8835,8795,139961.0,9478,203190.0,129562.0,111923,209788.0,9123,105930.0,116197.0,114610.0,107677.0,6600.0,155128.0,110119.0  -b 2018 -e 2019 -o new_release_part_2_7
sudo julia -p 7 fit_smiles.jl new_release_part_2_7
sudo julia -p 7 est_parameters.jl new_release_part_2_7
sudo rm data/raw_data/opt_data_new_release_part_2_7.csv
sudo rm data/raw_data/dist_data_new_release_part_2_7.csv
echo 'Done with group 7/84' >> tracking_file_new_release.txt

sudo python loading_data.py -s 205458.0,207214.0,129266.0,101554.0,8953.0,6473.0,162239.0,210916.0,138375.0,105822.0,100871.0,134735.0,101068.0,107626.0,102128.0,5010.0,105764.0,104454.0,107254.0,112381.0,126922.0,213454.0,110462,101285.0,106770.0,109421.0,109397.0,109158.0,137617.0,105289.0,6926,121699.0,5717.0,127542.0,101225.0,110333.0,110704.0,108410.0,146319.0,124165.0,108515,109456.0,129245.0,115484.0,104102.0,209410.0,154335.0,5554,125181.0,7400.0,120076.0,7904.0,6304,134775.0,109935.0,102296.0,111109.0,8347.0,120815.0,7320.0,6965,213669.0,108448.0,102097.0,111535.0,110250.0,108658,204471.0,7634,151113.0,117632.0,105512.0,104629.0,205455.0,120911.0,134763.0,139574.0,131348.0,6881,5129,102612.0,151493.0,104248.0,104278.0,129722.0,104416.0,108819.0,109815,146323.0,125019.0  -b 2018 -e 2019 -o new_release_part_2_8
sudo julia -p 7 fit_smiles.jl new_release_part_2_8
sudo julia -p 7 est_parameters.jl new_release_part_2_8
sudo rm data/raw_data/opt_data_new_release_part_2_8.csv
sudo rm data/raw_data/dist_data_new_release_part_2_8.csv
echo 'Done with group 8/84' >> tracking_file_new_release.txt

sudo python loading_data.py -s 121220.0,139479.0,103104,134706.0,207900.0,8335,128070.0,106783.0,125095.0,120066.0,106257,8513,127169.0,103660.0,110690.0,111926.0,207442.0,111947,112255.0,145753.0,145677.0,5395.0,128547.0,102963.0,104942.0,203272.0,104489.0,107184.0,112376.0,9279,120699.0,5041,7513,166838.0,106019.0,104182.0,204475.0,108129.0,138921.0,108554,107857.0,102708.0,8616,148543.0,108482.0,105042.0,135506.0,123624.0,121566.0,124977.0,109651.0,189911.0,137086.0,107420.0,101813,103092.0,6177.0,136278.0,103004.0,110882.0,106002.0,102853.0,137084.0,124899.0,103430.0,203172.0,108799.0,104364.0,113733.0,119861.0,122925.0,107595.0,190009.0,108894.0,100965.0,102380.0,111216.0,113985.0,110559.0,110160.0,126836.0,119963.0,105064.0,121533.0,213854.0,114709.0,110172.0,116826.0,109891.0,133948.0  -b 2018 -e 2019 -o new_release_part_2_9
sudo julia -p 7 fit_smiles.jl new_release_part_2_9
sudo julia -p 7 est_parameters.jl new_release_part_2_9
sudo rm data/raw_data/opt_data_new_release_part_2_9.csv
sudo rm data/raw_data/dist_data_new_release_part_2_9.csv
echo 'Done with group 9/84' >> tracking_file_new_release.txt

sudo python loading_data.py -s 137344.0,6251.0,204787.0,105057.0,107635.0,9325,8982,207517.0,102777.0,110356.0,101271,115010.0,116303.0,189915.0,110366.0,104520.0,153910.0,5177.0,107615.0,113750.0,7457.0,212844.0,111954.0,107477.0,207520.0,102111,111924,204314.0,207394.0,109888.0,8082.0,5029,205942.0,113018.0,105324.0,117109.0,137777.0,138465.0,8116,103733.0,100920.0,211535.0,110726.0,139645.0,101898.0,112325.0,125077.0,106725,106671,128091.0,213613.0,108707,106221.0,137170.0,148274.0,111681.0,148133.0,114641.0,110664.0,118385.0,109076.0,103542.0,108557.0,118508.0,112180.0,154590.0,125306.0,103730.0,108230.0,113441.0,111722.0,146309.0,103449,101783,123312.0,109272.0,138888.0,7428,108267.0,138688.0,7772.0,138783.0,117627.0,128619.0,120913.0,213119.0,106620.0,121697.0,8260.0,7606  -b 2018 -e 2019 -o new_release_part_2_10
sudo julia -p 7 fit_smiles.jl new_release_part_2_10
sudo julia -p 7 est_parameters.jl new_release_part_2_10
sudo rm data/raw_data/opt_data_new_release_part_2_10.csv
sudo rm data/raw_data/dist_data_new_release_part_2_10.csv
echo 'Done with group 10/84' >> tracking_file_new_release.txt

sudo python loading_data.py -s 109652.0,7889.0,7888,123321.0,206466.0,142952.0,102766.0,161093.0,188792.0,104555.0,135249.0,111105.0,120952.0,139233.0,211495.0,116601.0,102689.0,110727.0,188954.0,101542,111702.0,128608.0,122575.0,108677.0,105507.0,127127.0,161182.0,104861.0,103371.0,108214.0,8805,107866.0,139298.0,109893.0,207743.0,108812.0,7549,6897.0,109074.0,106085.0,106138.0,7057.0,101149.0,189573.0,147266.0,138456.0,100995.0,122556.0,145832.0,104915.0,5298.0,110521.0,154884.0,207968.0,213964.0,212551.0,121717.0,102028,113727.0,111556.0,129723.0,121378.0,147664.0,121511.0,102199.0,155330.0,116807.0,103604.0,106007.0,101798.0,8346,105763,7910.0,111253.0,151022.0,6792,9410,112431.0,107539.0,203887.0,112584.0,105733.0,102945.0,5035,109148.0,5473.0,102631.0,134668.0,125488.0,124011.0  -b 2018 -e 2019 -o new_release_part_2_11
sudo julia -p 7 fit_smiles.jl new_release_part_2_11
sudo julia -p 7 est_parameters.jl new_release_part_2_11
sudo rm data/raw_data/opt_data_new_release_part_2_11.csv
sudo rm data/raw_data/dist_data_new_release_part_2_11.csv
echo 'Done with group 11/84' >> tracking_file_new_release.txt

sudo python loading_data.py -s 116567.0,213871.0,121944.0,104578.0,104721.0,112051.0,107921,125314.0,109057.0,115943.0,103547.0,105638.0,113099.0,115200.0,104974.0,102334.0,136201.0,134146.0,134679.0,203241.0,102508.0,213346.0,125504.0,112730.0,121410.0,166495.0,204144.0,7240.0,108603.0,208399.0,122522.0,109956.0,138743.0,110653.0,107333.0,146223.0,105189.0,7811,111369.0,204240.0,148787.0,213574.0,111497,101616.0,108034.0,112097.0,102560.0,112118.0,106329.0,105520.0,205179.0,135025.0,123783.0,112094.0,134457.0,112076.0,104502.0,136210.0,203205.0,151522.0,103260.0,9496,116290.0,125538.0,8727.0,101588.0,135014.0,5670,111290.0,5929,8567.0,8947,105703.0,161074.0,145851.0,129556.0,151724.0,111302.0,100889.0,5692,141143.0,105390.0,104257.0,107686.0,129529.0,108618.0,104917.0,8537,212807.0,106827.0  -b 2018 -e 2019 -o new_release_part_2_12
sudo julia -p 7 fit_smiles.jl new_release_part_2_12
sudo julia -p 7 est_parameters.jl new_release_part_2_12
sudo rm data/raw_data/opt_data_new_release_part_2_12.csv
sudo rm data/raw_data/dist_data_new_release_part_2_12.csv
echo 'Done with group 12/84' >> tracking_file_new_release.txt

sudo python loading_data.py -s 150219.0,108826.0,104684.0,129292.0,205095.0,101123.0,105939.0,107049.0,104020.0,144467.0,106881.0,207365.0,104163.0,105239.0,129108.0,7891.0,105292.0,5499,106500.0,106644.0,204502.0,111040.0,134890.0,135121.0,148245.0,5919.0,108887.0,104505.0,107501.0,6294,102108.0,5893,110639.0,151025.0,101836.0,101478.0,108055.0,103243.0,213685.0,204765.0,101400.0,155127.0,213127.0,107747.0,161211.0,108159.0,112043.0,143489.0,8415.0,107558.0,110258.0,128212.0,101255,129356.0,207645.0,105750.0,116353.0,6973,107546.0,205807.0,112660.0,111307.0,120954.0,125611.0,5550.0,128572.0,189200.0,110805.0,101072.0,107064.0,105949.0,107329.0,135168.0,5998,101830.0,212402.0,121764.0,9268.0,161678.0,107571.0,114706.0,213004.0,5329,5931.0,6299,103688.0,7092.0,104003.0,109535.0,147819.0  -b 2018 -e 2019 -o new_release_part_2_13
sudo julia -p 7 fit_smiles.jl new_release_part_2_13
sudo julia -p 7 est_parameters.jl new_release_part_2_13
sudo rm data/raw_data/opt_data_new_release_part_2_13.csv
sudo rm data/raw_data/dist_data_new_release_part_2_13.csv
echo 'Done with group 13/84' >> tracking_file_new_release.txt

sudo python loading_data.py -s 6933.0,128031.0,125290.0,105919.0,101351.0,213266.0,9454,189764.0,145749.0,128645.0,109356.0,122634.0,103636.0,135161.0,107266.0,125107.0,9369,119692.0,155436.0,7488.0,110379.0,203284.0,211379.0,123314.0,114231.0,210313.0,128273.0,162058.0,110505.0,138940.0,161999.0,134003.0,123277.0,124085.0,111876.0,7943,206191.0,101303.0,103283.0,148495.0,103428.0,5002,213325.0,5979,7951,101886.0,134174.0,112487.0,106868.0,109002.0,121637.0,123096.0,104770.0,211955.0,154599.0,112661.0,109987.0,105618.0,107743,210697.0,209317.0,138137.0,111816.0,111987.0,6887,151910.0,146240.0,188666.0,111754.0,144311.0,205175.0,144664.0,6807,105361.0,101936,109409.0,105556.0,106062.0,107113.0,122637.0,134012.0,5312,116073.0,107530.0,135354.0,112269.0,108983.0,102142.0,101592.0,101386.0  -b 2018 -e 2019 -o new_release_part_2_14
sudo julia -p 7 fit_smiles.jl new_release_part_2_14
sudo julia -p 7 est_parameters.jl new_release_part_2_14
sudo rm data/raw_data/opt_data_new_release_part_2_14.csv
sudo rm data/raw_data/dist_data_new_release_part_2_14.csv
echo 'Done with group 14/84' >> tracking_file_new_release.txt

sudo python loading_data.py -s 103031.0,212968.0,7721,105696.0,106401.0,6666,213292.0,100924.0,150853.0,106969.0,123318.0,5579,107878.0,189789.0,213426.0,103710,123316.0,103517.0,107399.0,112674.0,5037,103349,126831.0,110699.0,107641.0,119881.0,111059.0,122352.0,108624.0,135224.0,210064.0,110897,103040.0,108266.0,101602.0,5361,102869.0,128233.0,111199.0,101972.0,108471.0,7328,106274.0,107985.0,108761.0,129686.0,104876.0,148257.0,112476.0,213930.0,129401.0,5843.0,8935.0,105570.0,107607.0,127023.0,129574.0,154654.0,107391.0,112729.0,7250,203477.0,129504.0,154531.0,213768.0,106587.0,103193.0,9134.0,6985,145952.0,129131.0,212798.0,110545.0,109563.0,106093.0,136215.0,103195.0,110275.0,8845,115386.0,112578.0,105021.0,134736.0,116949.0,107917.0,109995.0,134731.0,100979.0,144512.0,145977.0  -b 2018 -e 2019 -o new_release_part_2_15
sudo julia -p 7 fit_smiles.jl new_release_part_2_15
sudo julia -p 7 est_parameters.jl new_release_part_2_15
sudo rm data/raw_data/opt_data_new_release_part_2_15.csv
sudo rm data/raw_data/dist_data_new_release_part_2_15.csv
echo 'Done with group 15/84' >> tracking_file_new_release.txt

sudo python loading_data.py -s 102155.0,111319.0,139605.0,106291.0,106804.0,129247.0,102954.0,135222.0,102692.0,138035.0,122850.0,108569.0,142987.0,111677.0,123502.0,108700.0,5543,144263.0,162289.0,145634.0,101228.0,125027.0,6279,8679.0,102693.0,112328.0,111093,111459.0,128829.0,109911.0,101516.0,7464,127543.0,101517.0,7717.0,152314.0,128500.0,134884.0,121969.0,105663.0,121577.0,137661.0,147890.0,112429.0,103844.0,210778.0,104321.0,104410.0,105548.0,151410.0,106168.0,103489.0,210516.0,122335.0,125465.0,115320.0,145836.0,6295,102948.0,7685,126955.0,137395.0,106924.0,5934,5933,104961.0,109872.0,8950.0,107244.0,155241.0,103950.0,189608.0,116766.0,122701.0,116471.0,106537.0,122704.0,102905.0,104797.0,129074.0,100982.0,189360.0,110556.0,126962.0,5306,110484.0,109470,106286.0,145509.0,105083.0  -b 2018 -e 2019 -o new_release_part_2_16
sudo julia -p 7 fit_smiles.jl new_release_part_2_16
sudo julia -p 7 est_parameters.jl new_release_part_2_16
sudo rm data/raw_data/opt_data_new_release_part_2_16.csv
sudo rm data/raw_data/dist_data_new_release_part_2_16.csv
echo 'Done with group 16/84' >> tracking_file_new_release.txt

sudo python loading_data.py -s 9555,112366.0,102511.0,213327.0,128904.0,103705.0,112557.0,103419.0,5283,105388.0,111824.0,213349.0,9304,5653.0,101983.0,206030.0,107472.0,106105.0,8281,111222.0,208479.0,112938.0,7160,117671.0,107362,126936.0,7713.0,8999.0,104355.0,101024.0,141951.0,207168.0,112319.0,139136.0,111640.0,104217,135206.0,108662.0,126948.0,118984.0,108430.0,129571.0,6250,112543.0,128922.0,109086.0,154844.0,6500.0,123786.0,8994,110659.0,104970.0,105036,106825.0,5944,124758.0,105742.0,101930.0,5890,103325.0,7852,108114.0,212777.0,213512.0,213444.0,103445.0,211772.0,5984,124440.0,203950.0,103681.0,140566.0,107436.0,155270.0,207540.0,129803.0,106890,126185.0,103608.0,135386.0,103183.0,8465,7728,101305,6740,135356.0,105207.0,105694.0,213124.0,102157.0  -b 2018 -e 2019 -o new_release_part_2_17
sudo julia -p 7 fit_smiles.jl new_release_part_2_17
sudo julia -p 7 est_parameters.jl new_release_part_2_17
sudo rm data/raw_data/opt_data_new_release_part_2_17.csv
sudo rm data/raw_data/dist_data_new_release_part_2_17.csv
echo 'Done with group 17/84' >> tracking_file_new_release.txt

sudo python loading_data.py -s 109162.0,102096.0,110091.0,102671.0,107331.0,5540,100954.0,137640.0,127551.0,7158.0,121385.0,9300,137407.0,5576,141144.0,8991,117666.0,136301.0,109522.0,103336,111142.0,110508.0,102399.0,104381.0,6403,102634.0,133954.0,134260.0,105644.0,110247,108697.0,5864,105938.0,207083.0,8978.0,111081.0,207496.0,7923,210903.0,110280.0,189779.0,6277,120927.0,161103.0,128077.0,9045,126182.0,114727.0,128905.0,139229.0,106686.0,210228.0,107466.0,146038.0,128068.0,5451,7557,203338.0,144497.0,121739.0,124164.0,9338,7559,8388,188547.0,137514.0,151264.0,5870,104954.0,137642.0,104159.0,162294.0,153879.0,6392.0,102581.0,107872.0,8752,115227.0,108035.0,9063,148673.0,207452.0,134900.0,110533.0,112875.0,127154.0,106126.0,142900.0,109519.0,104359.0  -b 2018 -e 2019 -o new_release_part_2_18
sudo julia -p 7 fit_smiles.jl new_release_part_2_18
sudo julia -p 7 est_parameters.jl new_release_part_2_18
sudo rm data/raw_data/opt_data_new_release_part_2_18.csv
sudo rm data/raw_data/dist_data_new_release_part_2_18.csv
echo 'Done with group 18/84' >> tracking_file_new_release.txt

sudo python loading_data.py -s 110583.0,113922.0,101995,6202.0,148517.0,161191.0,101456.0,7324.0,111026,105401.0,135095.0,161676.0,8010,124775.0,125294.0,102075.0,112667.0,7722.0,108565.0,107958.0,116258.0,188507.0,151192.0,112831.0,135190.0,108820.0,111950.0,127118.0,129355.0,212834.0,204868.0,6159.0,104228.0,127610.0,121803.0,110271,104550.0,111140.0,109128.0,5955,103437.0,111353.0,102972.0,127153.0,138924.0,8475,110087.0,6117,103499.0,106806.0,105801.0,5846,213046.0,107936.0,154125.0,148023.0,140358.0,111524.0,121753.0,104548.0,205036.0,138610.0,102572,104205.0,213107.0,103110.0,137074.0,144471.0,112416.0,154638.0,102427.0,110557.0,105016.0,109898.0,101708.0,110472.0,117427.0,112552.0,7365,127472.0,116384.0,101647.0,134579.0,129713.0,112959.0,105118.0,117821.0,101450.0,146288.0,142615.0  -b 2018 -e 2019 -o new_release_part_2_19
sudo julia -p 7 fit_smiles.jl new_release_part_2_19
sudo julia -p 7 est_parameters.jl new_release_part_2_19
sudo rm data/raw_data/opt_data_new_release_part_2_19.csv
sudo rm data/raw_data/dist_data_new_release_part_2_19.csv
echo 'Done with group 19/84' >> tracking_file_new_release.txt

sudo python loading_data.py -s 140327.0,204191.0,213923.0,138885.0,105060.0,129412.0,103605.0,101135,120439.0,123495.0,102637.0,110191,104026,124218.0,128023.0,117798.0,101745,128569.0,134917.0,103807.0,125500.0,137155.0,113191.0,110835.0,108780.0,146330.0,152886.0,106091.0,122551.0,6208,111094.0,129840.0,151974.0,101126.0,123035.0,105142.0,101560.0,8305,105567,154932.0,102753.0,109385,104411.0,129125.0,101003.0,107379.0,125179.0,134247.0,5742,108608.0,112046.0,124042.0,137540.0,203196.0,123651.0,121799.0,106547.0,8594,8669,9007,124319.0,109303.0,188656.0,128672.0,106657,143607.0,5584,114228.0,101029.0,111938.0,7648,105860.0,135281.0,119885.0,110617,7880.0,106698,144461.0,155116.0,112110.0,108406.0,109739.0,134883.0,106803.0,125318.0,113736,114876.0,111453.0,106393.0,110359.0  -b 2018 -e 2019 -o new_release_part_2_20
sudo julia -p 7 fit_smiles.jl new_release_part_2_20
sudo julia -p 7 est_parameters.jl new_release_part_2_20
sudo rm data/raw_data/opt_data_new_release_part_2_20.csv
sudo rm data/raw_data/dist_data_new_release_part_2_20.csv
echo 'Done with group 20/84' >> tracking_file_new_release.txt

sudo python loading_data.py -s 5465,104008.0,128744.0,104077.0,110195.0,9158,105480.0,104343.0,106218.0,109477.0,107149.0,6259,108520.0,135316.0,212718.0,133990.0,8889,102506.0,102135.0,103686,101669.0,105649.0,8207,105273.0,8562,8364,103474.0,128062.0,166508.0,134000.0,111875.0,113988.0,105050.0,103102.0,117641.0,8575,102051,139822.0,9177,111955.0,211144.0,151206.0,103108.0,124794.0,204784.0,106962.0,104613.0,101555.0,9411,108476.0,6191,127790.0,166468.0,133947.0,7329,155120.0,109878,6898,134678.0,166866.0,105550,147253.0,108783.0,116377.0,145309.0,106604.0,104890.0,129732.0,102818.0,114237.0,105595.0,135417.0,134824.0,107679,133915.0,124191.0,144628.0,128659.0,101806.0,209841.0,152482.0,112293.0,108472.0,124045.0,112340.0,129384.0,109005.0,116630.0,110497.0,129680.0  -b 2018 -e 2019 -o new_release_part_2_21
sudo julia -p 7 fit_smiles.jl new_release_part_2_21
sudo julia -p 7 est_parameters.jl new_release_part_2_21
sudo rm data/raw_data/opt_data_new_release_part_2_21.csv
sudo rm data/raw_data/dist_data_new_release_part_2_21.csv
echo 'Done with group 21/84' >> tracking_file_new_release.txt

sudo python loading_data.py -s 206405.0,111464.0,9231.0,8393,161123.0,7791.0,105806.0,8796.0,120452.0,205742.0,102653.0,103001.0,121221.0,104916.0,103030.0,5714,121544.0,105619.0,108873.0,134760.0,133904.0,108802.0,213491.0,7806,8660,102202.0,138467.0,203174.0,135103.0,128616.0,106875.0,205576.0,106081,5920.0,105427.0,110233,104380.0,103818.0,213045.0,155327.0,102732.0,154522.0,122427.0,108990.0,122537.0,144641.0,102502.0,111786.0,109117.0,137549.0,111403.0,128589.0,106328.0,107883,100968.0,134622.0,107250.0,124739.0,8748.0,127686.0,129550.0,109467.0,122550.0,148095.0,9146,6694,107077.0,103101.0,101958.0,109924.0,206006.0,114863.0,105661.0,107347.0,6583,208953.0,115037.0,112995.0,148271.0,102711.0,104668.0,104071.0,107230.0,128941.0,109044.0,125243.0,101270.0,5902,205077.0,122638.0  -b 2018 -e 2019 -o new_release_part_2_22
sudo julia -p 7 fit_smiles.jl new_release_part_2_22
sudo julia -p 7 est_parameters.jl new_release_part_2_22
sudo rm data/raw_data/opt_data_new_release_part_2_22.csv
sudo rm data/raw_data/dist_data_new_release_part_2_22.csv
echo 'Done with group 22/84' >> tracking_file_new_release.txt

sudo python loading_data.py -s 5734.0,7599,102503.0,161994.0,121728.0,115135.0,206114.0,112498.0,212513.0,103878.0,212821.0,106683.0,166743.0,134764.0,107057.0,101757.0,213366.0,207193.0,108985.0,104167.0,6599.0,207454.0,144640.0,102070.0,101406.0,135064.0,209448.0,101752.0,8222,138493.0,110303.0,6046,109511.0,7311,203202.0,106986.0,117088.0,123616.0,106593.0,9344.0,112272.0,7443,112313.0,116050.0,102595.0,129155.0,113480.0,125071.0,203171.0,104232.0,108158.0,6091,6962,134033.0,106484.0,112087.0,106616.0,111837.0,210644.0,8458.0,108201.0,8848,114258.0,103800.0,107261.0,116248.0,102845.0,102962.0,122699.0,9214.0,117289.0,108433.0,129834.0,109050.0,104566.0,128713.0,6026.0,116913.0,103995.0,212217.0,111692,108993.0,207432.0,111505.0,103060.0,116054.0,8644.0,111010.0,122360.0,166509.0  -b 2018 -e 2019 -o new_release_part_2_23
sudo julia -p 7 fit_smiles.jl new_release_part_2_23
sudo julia -p 7 est_parameters.jl new_release_part_2_23
sudo rm data/raw_data/opt_data_new_release_part_2_23.csv
sudo rm data/raw_data/dist_data_new_release_part_2_23.csv
echo 'Done with group 23/84' >> tracking_file_new_release.txt

sudo python loading_data.py -s 9122.0,203173.0,162150.0,120165.0,107482,135130.0,110932.0,106772.0,110304.0,109706.0,125205.0,135490.0,213773.0,108724.0,115015.0,6021,104400.0,7218,110363.0,102346.0,210857.0,8255,211205.0,6765,203198.0,147198.0,116414.0,102443.0,213052.0,136269.0,100865.0,6013,7767.0,109844.0,7334,107598.0,9070,135489.0,138378.0,101474.0,105068.0,104622,102718.0,147196.0,119446.0,112072.0,7485.0,104831.0,109852.0,136268.0,101864.0,9445,108606.0,211300.0,111232.0,109740.0,126676.0,128800.0,109228,212660.0,121373.0,148544.0,106771.0,108538.0,115327.0,128921.0,125304.0,138634.0,138520.0,112641.0,108714.0,103374.0,127807.0,106083,101408.0,8507.0,103206.0,124892.0,121390.0,110281.0,6271,101682.0,106629.0,105023.0,125241.0,208407.0,125543.0,6321,6655.0,117930.0  -b 2018 -e 2019 -o new_release_part_2_24
sudo julia -p 7 fit_smiles.jl new_release_part_2_24
sudo julia -p 7 est_parameters.jl new_release_part_2_24
sudo rm data/raw_data/opt_data_new_release_part_2_24.csv
sudo rm data/raw_data/dist_data_new_release_part_2_24.csv
echo 'Done with group 24/84' >> tracking_file_new_release.txt

sudo python loading_data.py -s 103238.0,109711,124934.0,116553.0,104487.0,154906.0,188911.0,106225.0,104969.0,111639.0,161209.0,110717.0,5424,104649.0,107226,106478.0,105397.0,161115.0,102563,105737.0,109191,111173.0,106786.0,151386.0,103722.0,6213,101935.0,5180,104267.0,106038,213167.0,106751.0,110823.0,125499.0,8368,110269.0,109571.0,111446.0,213355.0,106560.0,5880.0,7745.0,102815.0,9341,104932.0,107198.0,111396.0,129180.0,110402.0,109675.0,5883,108651.0,136327.0,121583.0,108252,6744,114255.0,109372.0,166342.0,101139.0,102704.0,127682.0,210354.0,189897.0,101581.0,209395.0,110298.0,7902,105857.0,103709,107527.0,114017.0,118907.0,188591.0,101457.0,128201.0,7747,152465.0,138466.0,134041.0,6952.0,134201.0,122014.0,102855.0,205928.0,137213.0,108823.0,102796.0,112345.0,109617.0  -b 2018 -e 2019 -o new_release_part_2_25
sudo julia -p 7 fit_smiles.jl new_release_part_2_25
sudo julia -p 7 est_parameters.jl new_release_part_2_25
sudo rm data/raw_data/opt_data_new_release_part_2_25.csv
sudo rm data/raw_data/dist_data_new_release_part_2_25.csv
echo 'Done with group 25/84' >> tracking_file_new_release.txt

sudo python loading_data.py -s 111272.0,139110.0,112305.0,109546.0,107145.0,111676.0,107946.0,106579.0,213764.0,213360.0,105607.0,107952,6857,205701.0,107433.0,100974.0,103782.0,145746.0,139487.0,213118.0,109941.0,108492.0,105889.0,128740.0,213453.0,110342.0,117803.0,127732.0,111257.0,123728.0,116997.0,103083.0,154336.0,113118.0,6056,129681.0,112038.0,128748.0,123083.0,135444.0,109262.0,107821.0,145633.0,106283.0,108480.0,5974,213883.0,103493.0,123751.0,8742.0,104070.0,110924.0,122757.0,162002.0,111753.0,6514.0,106578.0,122573.0,154307.0,109537.0,6566,126654.0,213382.0,112053.0,101316.0,112154.0,8661,115008.0,7914,134258.0,106024,102176.0,112396.0,137561.0,137521.0,106877.0,129703.0,101476.0,108556,111666.0,108023.0,6751,114880.0,105561.0,213116.0,101742.0,101044.0,139644.0,116907.0,7651  -b 2018 -e 2019 -o new_release_part_2_26
sudo julia -p 7 fit_smiles.jl new_release_part_2_26
sudo julia -p 7 est_parameters.jl new_release_part_2_26
sudo rm data/raw_data/opt_data_new_release_part_2_26.csv
sudo rm data/raw_data/dist_data_new_release_part_2_26.csv
echo 'Done with group 26/84' >> tracking_file_new_release.txt

sudo python loading_data.py -s 8628,120950.0,111043.0,102578.0,204760.0,204494.0,128671.0,103874.0,103149.0,129793.0,127030.0,9200,9157.0,150739.0,5970,101526.0,127568.0,207033.0,101988.0,105048.0,134786.0,105453.0,104462.0,110708,103394,154877.0,106908.0,116266.0,112848.0,126835.0,8319,114662.0,5484,106053.0,156122.0,105990.0,134646.0,101094.0,102203.0,111523.0,5516,107360,123615.0,103074.0,110686.0,109567.0,7090.0,107141.0,116398.0,8622,134790.0,145817.0,210682.0,140395.0,8601,106517.0,101036.0,118589.0,116322.0,7882,102773.0,110722.0,107349.0,6111.0,151409.0,102254.0,7480,110969.0,210280.0,206147.0,8930,110145.0,147916.0,6107.0,107754.0,103144.0,111784.0,7661.0,115179.0,113461.0,152103.0,137236.0,189763.0,7231,127054.0,204218.0,7295.0,7854.0,106830,109012.0  -b 2018 -e 2019 -o new_release_part_2_27
sudo julia -p 7 fit_smiles.jl new_release_part_2_27
sudo julia -p 7 est_parameters.jl new_release_part_2_27
sudo rm data/raw_data/opt_data_new_release_part_2_27.csv
sudo rm data/raw_data/dist_data_new_release_part_2_27.csv
echo 'Done with group 27/84' >> tracking_file_new_release.txt

sudo python loading_data.py -s 113052.0,136304.0,148886.0,5808,121588.0,189977.0,123732,124712.0,127727.0,104463.0,6720,101021.0,101357.0,137075.0,106241,148550.0,103629.0,107192.0,112446.0,136274.0,110507.0,109939,119967.0,116304.0,148574.0,5515,122538.0,155097.0,137541.0,118962.0,107283.0,115428.0,112621.0,117097.0,105000.0,111684.0,121744.0,109778.0,212831.0,104790.0,7322.0,139359.0,113122.0,111906.0,106206.0,129506.0,107162.0,101615,134628.0,5803.0,7106,127178.0,106583,106183.0,166817.0,103490.0,5817,120816.0,110581.0,110228.0,148576.0,211847.0,102906.0,105419.0,108895.0,6961,137545.0,116320.0,7297,137164.0,8863,106584.0,213774.0,211260.0,126360.0,106305.0,211759.0,106591.0,105491.0,189574.0,135090.0,204753.0,5605.0,112458.0,106334.0,5113,154983.0,138788.0,103690,9005  -b 2018 -e 2019 -o new_release_part_2_28
sudo julia -p 7 fit_smiles.jl new_release_part_2_28
sudo julia -p 7 est_parameters.jl new_release_part_2_28
sudo rm data/raw_data/opt_data_new_release_part_2_28.csv
sudo rm data/raw_data/dist_data_new_release_part_2_28.csv
echo 'Done with group 28/84' >> tracking_file_new_release.txt

sudo python loading_data.py -s 129802.0,108866.0,105679.0,8264,104872.0,103365.0,101468.0,105895.0,101047.0,6838,109726.0,134866.0,125978.0,109831.0,212510.0,108162.0,204863.0,105378.0,9174,129578.0,106284.0,150503.0,102673.0,109257.0,102878.0,102177.0,134266.0,6917.0,206173.0,104934.0,125742.0,102387.0,104313.0,126657.0,152053.0,102649.0,103752.0,111931.0,7419,5522,108052.0,112001,212797.0,129636.0,101675.0,111519.0,129649.0,121525.0,134931.0,205821.0,109471.0,9486,151185.0,110481.0,211719.0,115140.0,109824.0,104412.0,7526.0,125303.0,112715.0,203274.0,106580.0,9050,101015.0,189726.0,112060.0,203996.0,211852.0,104765.0,104506.0,5643.0,110999.0,160572.0,107249.0,122601.0,112936.0,9305,107983.0,213918.0,7912.0,105896.0,116191.0,105511.0,109108,103466.0,116268.0,106242.0,116255.0,126934.0  -b 2018 -e 2019 -o new_release_part_2_29
sudo julia -p 7 fit_smiles.jl new_release_part_2_29
sudo julia -p 7 est_parameters.jl new_release_part_2_29
sudo rm data/raw_data/opt_data_new_release_part_2_29.csv
sudo rm data/raw_data/dist_data_new_release_part_2_29.csv
echo 'Done with group 29/84' >> tracking_file_new_release.txt

sudo python loading_data.py -s 144466.0,189581.0,154306.0,6702,116532.0,104403.0,101868.0,111343.0,101628.0,5207.0,107304.0,148319.0,107690.0,143726.0,106488.0,109692.0,116576.0,127698.0,111460,111726.0,107889.0,148222.0,116529.0,128577.0,116902.0,108531.0,103739.0,155365.0,123772.0,7779.0,5759,101966.0,112763.0,151700.0,110457.0,110354,5840.0,8792,109508.0,6525,136314.0,8113,105167.0,105231.0,134154.0,111044.0,124728.0,7856,8355.0,122696.0,111760.0,119877.0,101654.0,7300.0,103271.0,128696.0,129323.0,113417.0,8522,213449.0,104575.0,8798,6176,116374.0,8210,102402.0,212664.0,6828,6921,139721.0,106173.0,189209.0,110917.0,101519.0,114633.0,100900.0,155303.0,138463.0,154930.0,107922.0,102531.0,107201.0,209919.0,9049,9015.0,101166,106862.0,114664.0,107188.0,189580.0  -b 2018 -e 2019 -o new_release_part_2_30
sudo julia -p 7 fit_smiles.jl new_release_part_2_30
sudo julia -p 7 est_parameters.jl new_release_part_2_30
sudo rm data/raw_data/opt_data_new_release_part_2_30.csv
sudo rm data/raw_data/dist_data_new_release_part_2_30.csv
echo 'Done with group 30/84' >> tracking_file_new_release.txt

sudo python loading_data.py -s 8188,125021.0,213956.0,111129.0,103610.0,107561.0,148505.0,8653,203309.0,122331.0,101125.0,207037.0,9219,106487.0,129193.0,101572.0,107502,204489.0,105811,103105.0,107155.0,107970.0,107426.0,116940.0,152161.0,108144.0,148591.0,112497.0,104047.0,110266.0,111062.0,111629.0,124741.0,111521.0,151108.0,106899.0,104482.0,127192.0,115452,129763.0,108012.0,109735,102087.0,138538.0,110579.0,121748.0,103294.0,109209.0,129715.0,206058.0,109825.0,104593.0,122558.0,128266.0,8199,9047,189767.0,147910.0,108459.0,105882.0,8392.0,110361.0,5854,138499.0,8627.0,110409.0,104789.0,101463.0,107195.0,104056.0,121700.0,109875.0,115885.0,125536.0,212376.0,103962.0,115283.0,109600.0,103616,106505.0,117006.0,102579.0,101353.0,8924.0,9147,102063.0,6771,8769,213783.0,141115.0  -b 2018 -e 2019 -o new_release_part_2_31
sudo julia -p 7 fit_smiles.jl new_release_part_2_31
sudo julia -p 7 est_parameters.jl new_release_part_2_31
sudo rm data/raw_data/opt_data_new_release_part_2_31.csv
sudo rm data/raw_data/dist_data_new_release_part_2_31.csv
echo 'Done with group 31/84' >> tracking_file_new_release.txt

sudo python loading_data.py -s 111734.0,111532.0,116247.0,8498,109948.0,9342.0,109183.0,109233.0,101667.0,145833.0,138393.0,112083.0,106106,109436.0,113025.0,204768.0,136336.0,206539.0,111636.0,145315.0,126925.0,104558.0,103552.0,123313.0,106499.0,101137.0,125711.0,104175.0,109032.0,134577.0,103079.0,111827.0,213807.0,106993.0,7086.0,108170.0,102430.0,121953.0,104798.0,5004,124729.0,6786,145740.0,108488.0,212962.0,101888.0,204277.0,154435.0,115098.0,203331.0,116621.0,109742.0,6306.0,111713.0,106643.0,136321.0,110906.0,133913.0,162315.0,111559.0,203466.0,138758.0,108548.0,101349.0,6930,120819.0,166403.0,146101.0,110741.0,109373.0,101786.0,105669.0,134847.0,102561.0,152858.0,102942,135076.0,107590.0,5647.0,5618,8873,103761.0,101458.0,101977.0,111873.0,129352.0,105381.0,103574.0,110340.0,116594.0  -b 2018 -e 2019 -o new_release_part_2_32
sudo julia -p 7 fit_smiles.jl new_release_part_2_32
sudo julia -p 7 est_parameters.jl new_release_part_2_32
sudo rm data/raw_data/opt_data_new_release_part_2_32.csv
sudo rm data/raw_data/dist_data_new_release_part_2_32.csv
echo 'Done with group 32/84' >> tracking_file_new_release.txt

sudo python loading_data.py -s 110044,145937.0,6157,123106.0,129653.0,9291,105316.0,102081.0,109610.0,109097,102914.0,104293,137704.0,113725.0,106358.0,7080.0,101652.0,113065.0,8717,189917.0,151021.0,211152.0,6506.0,209829.0,8156.0,7168,7614,6699.0,5485,110832.0,155432.0,104180.0,145890.0,128226.0,106837.0,213663.0,127461.0,134599.0,123687.0,114872.0,111883,102032.0,213005.0,5122,208518.0,205788.0,166702.0,133985.0,129233.0,5474,108428.0,112323.0,124958.0,101304.0,110157,161972.0,105720.0,103450.0,110543.0,155253.0,101038.0,111549,212164.0,105909.0,211625.0,140400.0,101394.0,213331.0,150878.0,107512,206141.0,5437,9203.0,144218.0,123098.0,111828.0,144548.0,121369.0,104234,209836.0,9264,103792.0,123708.0,103675.0,116292.0,111627.0,112206.0,107334.0,6087,114881.0  -b 2018 -e 2019 -o new_release_part_2_33
sudo julia -p 7 fit_smiles.jl new_release_part_2_33
sudo julia -p 7 est_parameters.jl new_release_part_2_33
sudo rm data/raw_data/opt_data_new_release_part_2_33.csv
sudo rm data/raw_data/dist_data_new_release_part_2_33.csv
echo 'Done with group 33/84' >> tracking_file_new_release.txt

sudo python loading_data.py -s 140440.0,101471.0,101987.0,101028.0,152906.0,213893.0,104231.0,123720.0,137564.0,125295.0,147281.0,106471.0,134025.0,116779.0,109914.0,6254,105126.0,7835,5365,111956.0,134244.0,103596.0,213435.0,144651.0,101368.0,107078.0,8450,111826.0,101849.0,103586,103228.0,113062.0,111419.0,139410.0,106540.0,121689.0,101800.0,147891.0,121941.0,101429.0,110212.0,106630.0,124759.0,126670.0,121079.0,145686.0,107124.0,111205.0,155190.0,125029.0,111196.0,101265.0,107693,154891.0,6099,122844.0,103974.0,205766.0,8194,106846.0,107680.0,103747,112410.0,110840.0,5435,119437.0,5049,213109.0,9357,106244.0,112355.0,111631.0,110163.0,6951.0,106826.0,138382.0,102770,111203.0,161188.0,124935.0,5617.0,116281.0,101385.0,139126.0,106931.0,102084.0,117397.0,128831.0,101145,7950  -b 2018 -e 2019 -o new_release_part_2_34
sudo julia -p 7 fit_smiles.jl new_release_part_2_34
sudo julia -p 7 est_parameters.jl new_release_part_2_34
sudo rm data/raw_data/opt_data_new_release_part_2_34.csv
sudo rm data/raw_data/dist_data_new_release_part_2_34.csv
echo 'Done with group 34/84' >> tracking_file_new_release.txt

sudo python loading_data.py -s 101002.0,204842.0,6325,108075.0,101380,8268.0,5172,109658.0,125628.0,106115.0,145510.0,7212,213651.0,101449.0,207764.0,134833.0,129585.0,8304,111727.0,7537,125196.0,110803.0,107039.0,107865.0,188665.0,104048.0,107299.0,102745.0,112600.0,138938.0,108844.0,108071,206032.0,100980,103754.0,108465.0,114856.0,6467,121946.0,103993,105107,101217.0,142835.0,127001.0,119863.0,101111.0,109932.0,101837.0,154315.0,211301.0,101232,9550,110326.0,101181.0,113105.0,134133.0,207738.0,166805.0,108766.0,104421.0,117659.0,112327.0,108513.0,6707,7481,110820.0,112984.0,8917,5959,116391.0,102899.0,139248.0,6735.0,110018.0,9207,128131.0,120079.0,5103.0,161097.0,111930.0,116249.0,105975.0,105165.0,134882.0,126755.0,213610.0,139854.0,189999.0,116326.0,112196.0  -b 2018 -e 2019 -o new_release_part_2_35
sudo julia -p 7 fit_smiles.jl new_release_part_2_35
sudo julia -p 7 est_parameters.jl new_release_part_2_35
sudo rm data/raw_data/opt_data_new_release_part_2_35.csv
sudo rm data/raw_data/dist_data_new_release_part_2_35.csv
echo 'Done with group 35/84' >> tracking_file_new_release.txt

sudo python loading_data.py -s 129797.0,136213.0,110105.0,110801.0,103347.0,6185,5611,5245,6192,103635,154635.0,108923.0,102808.0,112999.0,110499.0,125076.0,128668.0,140511.0,7756,121578.0,107665,212744.0,111111.0,108010.0,121571.0,101986.0,123793.0,107182.0,104624.0,104156.0,139823.0,105249.0,212150.0,8179,152004.0,6575,106866.0,112238.0,8280,112126.0,108718.0,101147.0,103982.0,5278,106521.0,122038.0,112193.0,101852.0,7347.0,112504.0,108473.0,7366,104989.0,129122.0,110297.0,111682.0,105768.0,6521,121554.0,102695.0,104401.0,101093.0,111160.0,104676.0,8249,112346.0,118092.0,203342.0,106341.0,9503,9519,138952.0,103603.0,212676.0,203191.0,211358.0,5328.0,145721.0,148542.0,8134,109353.0,111011.0,204837.0,5912,105816.0,104911.0,128029.0,105830.0,105821.0,111254.0  -b 2018 -e 2019 -o new_release_part_2_36
sudo julia -p 7 fit_smiles.jl new_release_part_2_36
sudo julia -p 7 est_parameters.jl new_release_part_2_36
sudo rm data/raw_data/opt_data_new_release_part_2_36.csv
sudo rm data/raw_data/dist_data_new_release_part_2_36.csv
echo 'Done with group 36/84' >> tracking_file_new_release.txt

sudo python loading_data.py -s 7499.0,129157.0,135414.0,109342.0,137594.0,205941.0,108567.0,101208.0,129100.0,110433.0,121957.0,144517.0,101648.0,105317.0,189808.0,104984.0,109346.0,5701.0,117414.0,8877,127135.0,117765.0,105728.0,134820.0,128667.0,6237.0,135178.0,129774.0,110248.0,122059.0,148311.0,111988.0,204013.0,106087.0,144674.0,7690,111488.0,111825.0,110062.0,105662.0,203507.0,101262,106856.0,6662.0,114660.0,209449.0,103587.0,120916.0,112466.0,137245.0,8694.0,137698.0,109607.0,111323.0,125044.0,104243.0,120448.0,108074.0,110861.0,166578.0,212100.0,109192.0,105454,103736.0,103653.0,213819.0,6668,137138.0,189323.0,5547.0,121204.0,122536.0,6861,125014.0,146242.0,104958.0,204186.0,112811,8526,139475.0,115416.0,107956.0,7678.0,8893.0,204692.0,109889.0,104347.0,121730.0,109229.0,109375.0  -b 2018 -e 2019 -o new_release_part_2_37
sudo julia -p 7 fit_smiles.jl new_release_part_2_37
sudo julia -p 7 est_parameters.jl new_release_part_2_37
sudo rm data/raw_data/opt_data_new_release_part_2_37.csv
sudo rm data/raw_data/dist_data_new_release_part_2_37.csv
echo 'Done with group 37/84' >> tracking_file_new_release.txt

sudo python loading_data.py -s 116312.0,100943.0,116469.0,211190.0,142815.0,5454.0,7660.0,111335.0,7369,134811.0,209674.0,125971.0,107522.0,129375.0,110214.0,101601.0,108915.0,104737.0,8042,102279.0,110290.0,101103.0,101583.0,120059.0,107776.0,137265.0,102590.0,101831.0,116788.0,7619,127187.0,115265.0,115020.0,9244,111813,104554.0,107219.0,104436.0,189930.0,134287.0,134627.0,108690.0,121755.0,117829.0,7001,103043,104413,113185.0,121956.0,148508.0,145739.0,113144.0,121715.0,106084.0,103869.0,106863.0,123307.0,148592.0,111698.0,103200,189600.0,135415.0,144148.0,108669.0,102571.0,108019.0,213234.0,109227.0,102709.0,106222,104811.0,129718.0,110714.0,101657.0,5988,109787.0,111317.0,116950.0,113986.0,111843.0,101162.0,111384.0,9351,166591.0,101855,113159.0,125509.0,212906.0,137354.0,7794.0  -b 2018 -e 2019 -o new_release_part_2_38
sudo julia -p 7 fit_smiles.jl new_release_part_2_38
sudo julia -p 7 est_parameters.jl new_release_part_2_38
sudo rm data/raw_data/opt_data_new_release_part_2_38.csv
sudo rm data/raw_data/dist_data_new_release_part_2_38.csv
echo 'Done with group 38/84' >> tracking_file_new_release.txt

sudo python loading_data.py -s 107925.0,128050.0,6745,111428.0,101009.0,7953,8320,8563,109021.0,6182,103009.0,106101.0,102621.0,110852.0,5286,107975.0,5663,102106.0,105298.0,203872.0,125860.0,112181.0,106337,153929.0,113466.0,105591.0,7379,108445.0,5509,108101.0,107907.0,9159,123742.0,109462.0,126932.0,5851,103591.0,106896.0,137177.0,146250.0,113039.0,101538.0,102266.0,101939.0,107366.0,104927,109327.0,108758.0,128054.0,116029.0,102803.0,6577,188539.0,106344.0,103016.0,7860.0,107270.0,128009.0,103774.0,111979.0,103797.0,103579.0,6545.0,151117.0,116193.0,102147.0,116535.0,116568.0,147200.0,105693.0,110051.0,108438.0,116564.0,8871,140755.0,105832.0,105072,213002.0,5826,7424,114320.0,213614.0,104846.0,119435.0,8906.0,125209.0,103186.0,8634.0,138633.0,105266.0  -b 2018 -e 2019 -o new_release_part_2_39
sudo julia -p 7 fit_smiles.jl new_release_part_2_39
sudo julia -p 7 est_parameters.jl new_release_part_2_39
sudo rm data/raw_data/opt_data_new_release_part_2_39.csv
sudo rm data/raw_data/dist_data_new_release_part_2_39.csv
echo 'Done with group 39/84' >> tracking_file_new_release.txt

sudo python loading_data.py -s 125242.0,143556.0,106211.0,7893,123638.0,205472.0,105467.0,106717.0,119960.0,129586.0,7540,101121.0,115287.0,102811.0,124240.0,8159,112562.0,111068.0,128960.0,7460,112388.0,127429.0,101785.0,147359.0,8015.0,122026.0,108865,117100.0,101677.0,100890.0,124061.0,8387,8499,6906,104306.0,162008.0,128083.0,102037,101384.0,102140,101006.0,5923,105781.0,103531.0,108793.0,207320.0,123309.0,101438.0,111084.0,112803.0,5508,102966.0,139981.0,104100.0,125535.0,133959.0,110061.0,101756.0,114004.0,109515.0,8027.0,117805.0,188959.0,108732,125625.0,8205,111458.0,107314.0,106766.0,126906.0,6761,108916.0,8001,105007.0,206034.0,109819.0,117420.0,105487.0,140394.0,109181.0,103055.0,107154.0,106563,112149.0,124760.0,104687.0,138448.0,112595.0,106049.0,123784.0  -b 2018 -e 2019 -o new_release_part_2_40
sudo julia -p 7 fit_smiles.jl new_release_part_2_40
sudo julia -p 7 est_parameters.jl new_release_part_2_40
sudo rm data/raw_data/opt_data_new_release_part_2_40.csv
sudo rm data/raw_data/dist_data_new_release_part_2_40.csv
echo 'Done with group 40/84' >> tracking_file_new_release.txt

sudo python loading_data.py -s 147848.0,9267.0,108112,127027.0,112225.0,101483.0,139108.0,8045,113036.0,106311.0,101229.0,125620.0,204248.0,8115,102349.0,104655.0,147263.0,104066.0,142788.0,104895.0,135336.0,106928,129800.0,8167,205744.0,110088.0,5996,8055,120459.0,139911.0,111198.0,204392.0,7461,110600.0,122000.0,128769.0,127520.0,111066.0,108280.0,207098.0,101341.0,207609.0,103177.0,109680.0,121211.0,203496.0,112064,107401,108704.0,134009.0,128977.0,162216.0,103550.0,124981.0,8243.0,109986.0,9173,129801.0,155157.0,8492,138329.0,138794.0,189916.0,5120,189180.0,9417,106061.0,103050.0,119878.0,100918.0,102681.0,113060.0,105777.0,148228.0,107464,116359.0,113479.0,116239.0,128600.0,7270,105819.0,102541.0,8666,6230,134175.0,134930.0,110089,107011.0,112329.0,121379.0  -b 2018 -e 2019 -o new_release_part_2_41
sudo julia -p 7 fit_smiles.jl new_release_part_2_41
sudo julia -p 7 est_parameters.jl new_release_part_2_41
sudo rm data/raw_data/opt_data_new_release_part_2_41.csv
sudo rm data/raw_data/dist_data_new_release_part_2_41.csv
echo 'Done with group 41/84' >> tracking_file_new_release.txt

sudo python loading_data.py -s 112276.0,5548.0,110599.0,9313,136234.0,189720.0,101279.0,110513.0,116238.0,104848.0,103242.0,126700.0,213212.0,8948,103453.0,109447.0,138357.0,104164.0,160605.0,129728.0,102011.0,104659.0,208697.0,104455.0,112081.0,112171,109808.0,9280,134298.0,211115.0,107213,129402.0,115474.0,104124.0,113005.0,109821.0,105240.0,162232.0,212295.0,100861.0,9043,135347.0,211317.0,204210.0,124761.0,213303.0,103655.0,101811.0,112170.0,113931.0,144652.0,146286.0,9308,104607.0,152499.0,122627.0,106378.0,133978.0,111580.0,115039.0,112016.0,104006,7088.0,110974.0,5211,8652,121564.0,7663.0,103465.0,120939.0,9499,111739.0,139027.0,125774.0,107371.0,129052.0,108563.0,101358,8664,104086.0,128071.0,143873.0,152160.0,104900.0,8724.0,8298.0,110166.0,137707.0,101352.0,103125.0  -b 2018 -e 2019 -o new_release_part_2_42
sudo julia -p 7 fit_smiles.jl new_release_part_2_42
sudo julia -p 7 est_parameters.jl new_release_part_2_42
sudo rm data/raw_data/opt_data_new_release_part_2_42.csv
sudo rm data/raw_data/dist_data_new_release_part_2_42.csv
echo 'Done with group 42/84' >> tracking_file_new_release.txt

sudo python loading_data.py -s 8918.0,105953.0,110159,162146.0,123081.0,112364.0,143487.0,211336.0,9312.0,107909.0,122364.0,104752.0,108635,108831.0,8623,110358.0,107087.0,6977.0,8176,109954.0,123789.0,8053,101862.0,104362.0,129063.0,105166,116905.0,100985.0,110116.0,109709.0,8220,109249.0,105314.0,110422.0,111716.0,121592.0,136308.0,9042,6775,102049.0,8130,111463.0,212790.0,123849.0,109111.0,111701.0,123787.0,124922.0,145722.0,7877,120921.0,102790.0,102066.0,101482.0,114712.0,6868,113999.0,108436.0,109923.0,7692.0,126680.0,8745,126746.0,105943.0,112807.0,109092,116376.0,101268.0,207292.0,122389.0,121362.0,133999.0,109336.0,109630.0,109301.0,113484.0,109974.0,8651,108340.0,125299.0,213611.0,100917.0,108027.0,204759.0,135155.0,213762.0,104467.0,7230.0,112472.0,111733  -b 2018 -e 2019 -o new_release_part_2_43
sudo julia -p 7 fit_smiles.jl new_release_part_2_43
sudo julia -p 7 est_parameters.jl new_release_part_2_43
sudo rm data/raw_data/opt_data_new_release_part_2_43.csv
sudo rm data/raw_data/dist_data_new_release_part_2_43.csv
echo 'Done with group 43/84' >> tracking_file_new_release.txt

sudo python loading_data.py -s 212808.0,127031.0,108572.0,122355.0,210622.0,103310.0,5388,139628.0,127803.0,106773.0,8189,116795.0,108928.0,108462,148528.0,103626.0,102420.0,102674.0,102409.0,116202.0,102366.0,211984.0,8864.0,103659.0,148625.0,111687.0,116821.0,155215.0,213962.0,104545.0,5217,212565.0,104445.0,103179.0,145612.0,7523,5189,105404.0,122548.0,114630.0,120941.0,106746.0,107280.0,121593.0,103922.0,102262.0,7418,106391.0,104708.0,8975,212679.0,103585,101426.0,212992.0,101574.0,142816.0,8779,109378.0,109199.0,207319.0,112006,9182.0,103244.0,5788,151725.0,143439.0,110187.0,116600.0,111391.0,108025.0,129726.0,118904.0,105181.0,9309,103716.0,107115.0,103227.0,213126.0,125126.0,6693,107086.0,8772,146107.0,153930.0,140522.0,129405.0,128959.0,106829.0,109457,7396  -b 2018 -e 2019 -o new_release_part_2_44
sudo julia -p 7 fit_smiles.jl new_release_part_2_44
sudo julia -p 7 est_parameters.jl new_release_part_2_44
sudo rm data/raw_data/opt_data_new_release_part_2_44.csv
sudo rm data/raw_data/dist_data_new_release_part_2_44.csv
echo 'Done with group 44/84' >> tracking_file_new_release.txt

sudo python loading_data.py -s 115939.0,122426.0,110539.0,127166.0,148639.0,137657.0,128552.0,108807.0,104176.0,109052.0,135238.0,143106.0,112383.0,101620.0,121414.0,102300.0,203336.0,189513.0,103964.0,108102.0,105924.0,111572.0,148885.0,108525.0,213763.0,110216.0,141066.0,106233.0,126672.0,5070,110978,110666.0,107597.0,110780,106816.0,102274.0,105124.0,102929.0,103322.0,102733.0,101614.0,116620.0,194069.0,9222.0,111921.0,129659.0,161353.0,104095.0,137592.0,5557,137271.0,109006.0,116315.0,129702.0,102000.0,108096.0,9551,139546.0,206051.0,105585.0,212061.0,209394.0,104906,102340.0,108951.0,127147.0,137599.0,128139.0,106009.0,105194.0,110839.0,134717.0,6544,212463.0,209429.0,154827.0,101274.0,209000.0,9477,6231,122697.0,107585.0,107146.0,109418.0,8609,110079.0,108457.0,102743.0,143068.0,210056.0  -b 2018 -e 2019 -o new_release_part_2_45
sudo julia -p 7 fit_smiles.jl new_release_part_2_45
sudo julia -p 7 est_parameters.jl new_release_part_2_45
sudo rm data/raw_data/opt_data_new_release_part_2_45.csv
sudo rm data/raw_data/dist_data_new_release_part_2_45.csv
echo 'Done with group 45/84' >> tracking_file_new_release.txt

sudo python loading_data.py -s 107006.0,103732.0,101204.0,9273,213880.0,112104.0,6685.0,104239.0,119443.0,104620.0,108729.0,112506.0,102054.0,161354.0,134783.0,5659,104730.0,112142.0,107692.0,148498.0,128574.0,138792.0,104771.0,113057.0,109218,102670.0,103748,206376.0,105022.0,103770.0,104547.0,110278.0,143666.0,212991.0,129685.0,138377.0,122552.0,8497,111435,123094.0,121375.0,104777.0,105421.0,138470.0,9365,154453.0,101910.0,102697.0,116299.0,154959.0,8568,203952.0,137663.0,134297.0,123087.0,104653,108127.0,112107.0,7476.0,106789.0,105920.0,9021,104460.0,8365,104301.0,105827.0,104686.0,128708.0,189902.0,110837.0,5119,111990.0,112401.0,102607.0,101856.0,138615.0,103942.0,110707.0,135123.0,5690.0,9213.0,123940.0,205539.0,8068,7139,116540.0,111443.0,135375.0,6867,103857.0  -b 2018 -e 2019 -o new_release_part_2_46
sudo julia -p 7 fit_smiles.jl new_release_part_2_46
sudo julia -p 7 est_parameters.jl new_release_part_2_46
sudo rm data/raw_data/opt_data_new_release_part_2_46.csv
sudo rm data/raw_data/dist_data_new_release_part_2_46.csv
echo 'Done with group 46/84' >> tracking_file_new_release.txt

sudo python loading_data.py -s 204841.0,207213.0,102132.0,107900.0,103996.0,122794.0,205180.0,135082.0,107756,105252.0,104773.0,7070.0,102161.0,103685.0,139767.0,105481.0,107529.0,103834,111741.0,145953.0,107876.0,134145.0,111104.0,103398.0,102043.0,213298.0,125097.0,125239.0,116605.0,101578.0,139188.0,213256.0,6148.0,106807.0,7790,8886,211222.0,104220.0,103399.0,103576.0,108596.0,108248.0,142785.0,101132.0,111886.0,103515.0,8545,127496.0,9414,128763.0,106933,138622.0,103324.0,109975,103297.0,135223.0,112398.0,5347,205771.0,109861.0,126905.0,211315.0,144399.0,105373.0,111623.0,105105.0,122520.0,102534.0,108468,189976.0,115448.0,107059,111815.0,107279.0,212948.0,106983.0,105013.0,127739.0,112157.0,140085.0,212832.0,151421.0,105496,129499.0,139411.0,5683,112136.0,108809.0,113081.0,100959.0  -b 2018 -e 2019 -o new_release_part_2_47
sudo julia -p 7 fit_smiles.jl new_release_part_2_47
sudo julia -p 7 est_parameters.jl new_release_part_2_47
sudo rm data/raw_data/opt_data_new_release_part_2_47.csv
sudo rm data/raw_data/dist_data_new_release_part_2_47.csv
echo 'Done with group 47/84' >> tracking_file_new_release.txt

sudo python loading_data.py -s 139912.0,8060.0,105993.0,118976.0,124064.0,122385.0,134176.0,111145.0,127706.0,106057,143784.0,110706.0,110944.0,107234.0,104817.0,115932.0,110113.0,101467.0,112188.0,208881.0,8018,144231.0,125127.0,101223,148403.0,207451.0,138444.0,142761.0,105914.0,121781.0,5150,111971.0,8311,161981.0,137649.0,213758.0,6070,129822.0,7345.0,124060.0,120073.0,103482.0,106569.0,106721.0,6944,6069,206175.0,8970,105346,8520,110613,111146.0,138707.0,119965.0,120955.0,106205.0,114498,8736,127167.0,6886,7837,213913.0,101488.0,9320,102146.0,125478.0,146221.0,118757.0,101470.0,8075,103593.0,105061.0,106376.0,6910,107738,166742.0,111252.0,203370.0,8538.0,103707.0,110002.0,138025.0,5125.0,103602.0,134189.0,108884.0,104466.0,140424.0,114267.0,107974.0  -b 2018 -e 2019 -o new_release_part_2_48
sudo julia -p 7 fit_smiles.jl new_release_part_2_48
sudo julia -p 7 est_parameters.jl new_release_part_2_48
sudo rm data/raw_data/opt_data_new_release_part_2_48.csv
sudo rm data/raw_data/dist_data_new_release_part_2_48.csv
echo 'Done with group 48/84' >> tracking_file_new_release.txt

sudo python loading_data.py -s 103457,155367.0,208877.0,103983.0,105004.0,5900.0,105332.0,102998,128269.0,104700,110898.0,123733.0,110019,103269.0,7144,151402.0,112972.0,138738.0,211247.0,114875.0,111884.0,111400.0,9073,101706.0,112933.0,9037,101281.0,103565.0,8585.0,8182.0,8896,119314.0,104214.0,122775.0,133530.0,155194.0,5816,108544.0,123079.0,205558.0,116627.0,209917.0,104919.0,108184.0,103937.0,110152.0,101688.0,103881.0,105710.0,154321.0,139398.0,121222.0,148600.0,123034.0,9218,203302.0,117082.0,103701.0,111454,7384,128681.0,117079.0,8048,110954.0,205536.0,8773,137597.0,104633.0,135345.0,111373.0,139573.0,5731,7194.0,101427.0,143786.0,107252,125279.0,8692,5077,205100.0,109909.0,110482.0,111386,147866.0,108869,105113.0,161455.0,108568.0,5612.0,127735.0  -b 2018 -e 2019 -o new_release_part_2_49
sudo julia -p 7 fit_smiles.jl new_release_part_2_49
sudo julia -p 7 est_parameters.jl new_release_part_2_49
sudo rm data/raw_data/opt_data_new_release_part_2_49.csv
sudo rm data/raw_data/dist_data_new_release_part_2_49.csv
echo 'Done with group 49/84' >> tracking_file_new_release.txt

sudo python loading_data.py -s 111661.0,7843,7290,204480.0,111699,105598,127325.0,102912.0,189602.0,128003.0,112192.0,108116.0,137694.0,111025.0,112034.0,115209.0,106313.0,7432,109957.0,111108.0,7560,9156,135085.0,142806.0,107836.0,109730.0,105783.0,129176.0,203337.0,139821.0,128089.0,105415.0,108883.0,102433.0,188518.0,108061.0,105898.0,107662.0,8670,109697.0,161679.0,125448.0,121937.0,7223,108903.0,161344.0,101738.0,207605.0,128026.0,212795.0,111387.0,113163.0,5867.0,213544.0,103098.0,6689,103935.0,109077.0,107372.0,108008.0,105613.0,8589,100864.0,112315.0,123107.0,110970.0,134261.0,6519,145873.0,204208.0,123631.0,117448.0,125455.0,5027,107094.0,213502.0,121345.0,135366.0,135393.0,113071.0,204402.0,208383.0,103214,8161.0,110200.0,133958.0,103621.0,189277.0,155162.0,143133.0  -b 2018 -e 2019 -o new_release_part_2_50
sudo julia -p 7 fit_smiles.jl new_release_part_2_50
sudo julia -p 7 est_parameters.jl new_release_part_2_50
sudo rm data/raw_data/opt_data_new_release_part_2_50.csv
sudo rm data/raw_data/dist_data_new_release_part_2_50.csv
echo 'Done with group 50/84' >> tracking_file_new_release.txt

sudo python loading_data.py -s 106297.0,145993.0,145311.0,111851,8743,107095.0,111092.0,105872.0,5358,112047.0,105117.0,100990.0,151937.0,112559.0,109498,8695,104945.0,112650.0,213592.0,211232.0,103427.0,110454.0,104787.0,108011.0,133870.0,138630.0,9180,212717.0,152164.0,104173.0,110489.0,110642.0,166683.0,213894.0,154309.0,103364.0,137466.0,105683.0,8710.0,6717,7782,109041.0,8822,107476,8654.0,138761.0,135416.0,118346.0,116935.0,102149.0,107995.0,122434.0,139719.0,125739.0,113860.0,135129.0,112572.0,102253.0,117636.0,112985.0,116903.0,135340.0,213198.0,113993.0,7405.0,102165.0,127131.0,112185.0,112589.0,213120.0,110604.0,107830,102751,109338.0,137635.0,105469.0,102707.0,5757,103017.0,104537.0,102319.0,101918.0,125117.0,103884.0,8802,8216,122334.0,7234.0,127740.0,206324.0  -b 2018 -e 2019 -o new_release_part_2_51
sudo julia -p 7 fit_smiles.jl new_release_part_2_51
sudo julia -p 7 est_parameters.jl new_release_part_2_51
sudo rm data/raw_data/opt_data_new_release_part_2_51.csv
sudo rm data/raw_data/dist_data_new_release_part_2_51.csv
echo 'Done with group 51/84' >> tracking_file_new_release.txt

sudo python loading_data.py -s 113009.0,111920.0,106407.0,9034.0,104408.0,106163,108175.0,7532,128709.0,166510.0,6195.0,209979.0,112042.0,116806.0,212675.0,110842,101311.0,104317.0,125518.0,107944.0,111143.0,8971,209672.0,105474.0,104082.0,137226.0,109444.0,122386.0,5409,151126.0,213129.0,102602.0,104941.0,108694.0,9020,104204.0,101320.0,105692.0,114684.0,111436.0,101702.0,104570.0,125866.0,143703.0,129216.0,108976,105374.0,113925.0,112175.0,102817.0,122064.0,208679.0,104107.0,7960,141056.0,106135.0,121940.0,6934,104766.0,109666.0,102015.0,6763,101099.0,112254.0,106110.0,101404.0,213882.0,142957.0,102943.0,103727.0,112564.0,9420.0,106736.0,127102.0,111724.0,128760.0,7121,206145.0,111334.0,104523.0,105398.0,106346.0,210493.0,210823.0,112666.0,115483.0,114016.0,204709.0,115649.0,139592.0  -b 2018 -e 2019 -o new_release_part_2_52
sudo julia -p 7 fit_smiles.jl new_release_part_2_52
sudo julia -p 7 est_parameters.jl new_release_part_2_52
sudo rm data/raw_data/opt_data_new_release_part_2_52.csv
sudo rm data/raw_data/dist_data_new_release_part_2_52.csv
echo 'Done with group 52/84' >> tracking_file_new_release.txt

sudo python loading_data.py -s 104250.0,107982.0,105849.0,105544.0,5745,5697,110054.0,105724.0,102520.0,6255,107121.0,111285.0,212925.0,209475.0,111869.0,108827.0,121504.0,110206.0,203271.0,103654.0,111241.0,5191,6854,108388.0,189326.0,128944.0,116354.0,8712,5811,101718.0,113944.0,102654.0,111170.0,8747,8400,103338.0,140763.0,144368.0,103870.0,213231.0,6053.0,126935.0,8531.0,109438.0,134563.0,117284.0,105484.0,148411.0,116591.0,143527.0,189349.0,6082,110446,103776,207528.0,112891.0,105368.0,8516,134813.0,8321.0,207989.0,106941.0,102719.0,154958.0,110971.0,138386.0,129565.0,126736.0,137538.0,129753.0,108641,127130.0,110730,9038,108630.0,109863.0,108068.0,125053.0,116253.0,6908,138628.0,102892.0,206009.0,8857,104441,154982.0,103777.0,121719.0,7135.0,111328.0  -b 2018 -e 2019 -o new_release_part_2_53
sudo julia -p 7 fit_smiles.jl new_release_part_2_53
sudo julia -p 7 est_parameters.jl new_release_part_2_53
sudo rm data/raw_data/opt_data_new_release_part_2_53.csv
sudo rm data/raw_data/dist_data_new_release_part_2_53.csv
echo 'Done with group 53/84' >> tracking_file_new_release.txt

sudo python loading_data.py -s 121985.0,112887.0,110315.0,5445,104419.0,146252.0,7777.0,166322.0,206652.0,213769.0,211518.0,102003,7486,108013.0,109047.0,114670.0,127161.0,116319.0,100939,211327.0,148359.0,103026.0,110645,213972.0,107153.0,104869.0,9220,104739.0,117424.0,109024.0,107481.0,115024.0,128133.0,108877.0,8330,106485.0,102605.0,104696.0,109294,112411.0,9224,122358.0,5654,155226.0,204485.0,106965.0,5561,125275.0,6017,103044.0,7573,137879.0,111326.0,213432.0,137658.0,139380.0,103795,145532.0,5273,112033.0,103832.0,7364,110101.0,101637.0,112063,102623.0,127473.0,8816,134657.0,145976.0,121075.0,111195,109425.0,5487.0,204504.0,111970.0,7409,143490.0,134242.0,111775.0,124033.0,103368.0,6943,101541.0,110445.0,112468.0,124646.0,114613.0,107451.0,115180.0  -b 2018 -e 2019 -o new_release_part_2_54
sudo julia -p 7 fit_smiles.jl new_release_part_2_54
sudo julia -p 7 est_parameters.jl new_release_part_2_54
sudo rm data/raw_data/opt_data_new_release_part_2_54.csv
sudo rm data/raw_data/dist_data_new_release_part_2_54.csv
echo 'Done with group 54/84' >> tracking_file_new_release.txt

sudo python loading_data.py -s 108734.0,122759.0,5179,6322.0,138313.0,124995.0,112702.0,118986.0,111620.0,101751,102890.0,5247,114877.0,128066.0,122453.0,114867.0,188674.0,105101.0,112044.0,105970.0,213392.0,105065.0,7166.0,140523.0,147578.0,6728.0,102618.0,110192.0,207472.0,124372.0,105984.0,123228.0,6147,213568.0,119966.0,108984.0,109474.0,108510.0,110143.0,125072.0,5254.0,110301.0,137634.0,113189.0,128503.0,105191.0,103799.0,5956,109554.0,107478.0,108177.0,101052.0,144554.0,107151,102667.0,162167.0,102408.0,101475.0,7289.0,207529.0,101701.0,137692.0,106153.0,9071,213047.0,138496.0,210853.0,149578.0,211224.0,112361.0,125495.0,109929.0,141938.0,114657,8691,139235.0,7915,124213.0,147898.0,103446.0,110005.0,103713.0,7299.0,135305.0,102800.0,8050.0,6657.0,141049.0,189182.0,122448.0  -b 2018 -e 2019 -o new_release_part_2_55
sudo julia -p 7 fit_smiles.jl new_release_part_2_55
sudo julia -p 7 est_parameters.jl new_release_part_2_55
sudo rm data/raw_data/opt_data_new_release_part_2_55.csv
sudo rm data/raw_data/dist_data_new_release_part_2_55.csv
echo 'Done with group 55/84' >> tracking_file_new_release.txt

sudo python loading_data.py -s 145635.0,111522,105674.0,6367,137706.0,8215,111421.0,9470.0,120050.0,113089.0,205553.0,135179.0,8065,119888.0,105912.0,6014,137690.0,213562.0,121820.0,115425.0,121439.0,125200.0,8774,122747.0,134676.0,103478.0,188659.0,104177.0,106210,9003,151666.0,111439.0,205493.0,138611.0,103828.0,148124.0,107938.0,112117.0,6813,104725.0,116544.0,103002,7496,103991.0,108661.0,112418.0,104448.0,166842.0,110772.0,101407.0,112309.0,104860.0,8489,119882.0,109753.0,104158.0,106307.0,106589,110785.0,144235.0,112963.0,204308.0,107750.0,139805.0,6092,112975.0,111054.0,105114.0,204439.0,102587.0,102947.0,5135,101324.0,101803.0,213486.0,111711,105465.0,102210.0,117422.0,116355.0,104992.0,8352,106208.0,213000.0,106972.0,105583.0,127741.0,107912.0,106268.0,8767  -b 2018 -e 2019 -o new_release_part_2_56
sudo julia -p 7 fit_smiles.jl new_release_part_2_56
sudo julia -p 7 est_parameters.jl new_release_part_2_56
sudo rm data/raw_data/opt_data_new_release_part_2_56.csv
sudo rm data/raw_data/dist_data_new_release_part_2_56.csv
echo 'Done with group 56/84' >> tracking_file_new_release.txt

sudo python loading_data.py -s 136218.0,166745.0,5148.0,129618.0,211576.0,101854.0,8131,104963.0,108907.0,113991.0,102348,122024.0,102644,109164.0,106317.0,139826.0,5491,123699.0,166815.0,101144.0,9109,155003.0,102064.0,107387.0,147827.0,114513.0,137143.0,213798.0,111352.0,116623.0,8257,122332.0,110809.0,127447.0,109001.0,103830.0,7872,111742,210356.0,102897.0,152893.0,105874.0,103968.0,6856,125042.0,110739.0,111563.0,134181.0,206501.0,103998.0,125567.0,189279.0,116349.0,6207,112646.0,155083.0,104323.0,143540.0,106801.0,139661.0,117418.0,101455.0,111348.0,108932.0,204276.0,126893.0,8241,7493.0,135183.0,138501.0,204523.0,9059,106099.0,139521.0,137394.0,106961.0,9150,106934.0,102907.0,102609.0,7520,102687.0,104001.0,122055.0,110244.0,115168.0,112041,107521.0,213442.0,162318.0  -b 2018 -e 2019 -o new_release_part_2_57
sudo julia -p 7 fit_smiles.jl new_release_part_2_57
sudo julia -p 7 est_parameters.jl new_release_part_2_57
sudo rm data/raw_data/opt_data_new_release_part_2_57.csv
sudo rm data/raw_data/dist_data_new_release_part_2_57.csv
echo 'Done with group 57/84' >> tracking_file_new_release.txt

sudo python loading_data.py -s 8933,143608.0,127474.0,139114.0,5562,105046.0,108205.0,210380.0,112934.0,109463,125517.0,101525,8024.0,102724.0,106258.0,106379.0,112015.0,116799.0,111313.0,108509.0,213541.0,101971.0,101557.0,104734,106652.0,103241.0,108079.0,5449,118093.0,108083.0,101112.0,124980.0,106261.0,188686.0,102265.0,110355.0,104519.0,110859.0,9403,107421.0,117769.0,8597.0,108511.0,128927.0,129776.0,107524.0,134902.0,109583.0,212924.0,120440.0,128545.0,134639.0,138632.0,104098.0,7628,125286.0,5583,106066,5107,102546.0,135101.0,102115.0,6871,102215.0,109518,148497.0,210305.0,108238.0,126696.0,5472,5071,205886.0,112285.0,213881.0,154448.0,128082.0,213463.0,211713.0,9175,145711.0,154583.0,117081.0,121674.0,105945.0,105756.0,107020.0,213934.0,136226.0,111690.0,110151.0  -b 2018 -e 2019 -o new_release_part_2_58
sudo julia -p 7 fit_smiles.jl new_release_part_2_58
sudo julia -p 7 est_parameters.jl new_release_part_2_58
sudo rm data/raw_data/opt_data_new_release_part_2_58.csv
sudo rm data/raw_data/dist_data_new_release_part_2_58.csv
echo 'Done with group 58/84' >> tracking_file_new_release.txt

sudo python loading_data.py -s 143736.0,104115.0,7842,103113.0,108888.0,106387.0,8238,110709.0,108185.0,109056.0,108698.0,102910.0,135144.0,104599,134019.0,128260.0,106919.0,113142.0,110104.0,107541.0,125020.0,9249.0,101686.0,107171.0,120457.0,206322.0,110360.0,9013,139976.0,6580.0,213637.0,6029,127428.0,103189.0,125067.0,101451.0,101967.0,101829.0,7413.0,205114.0,107173.0,6211,103345.0,134621.0,208142.0,106020.0,103037.0,139400.0,213072.0,203340.0,134268.0,210278.0,128615.0,110529.0,115225.0,137708.0,147353.0,108562,8858,108138.0,139297.0,104225.0,205784.0,113000.0,116803.0,102295.0,106108.0,115322.0,110725.0,115162.0,6677,213571.0,7164.0,204220.0,103176.0,152915.0,112937.0,112759.0,107125.0,120058.0,106805.0,6768,103356.0,129765.0,116626.0,5439.0,109992.0,105611.0,5377,104768.0  -b 2018 -e 2019 -o new_release_part_2_59
sudo julia -p 7 fit_smiles.jl new_release_part_2_59
sudo julia -p 7 est_parameters.jl new_release_part_2_59
sudo rm data/raw_data/opt_data_new_release_part_2_59.csv
sudo rm data/raw_data/dist_data_new_release_part_2_59.csv
echo 'Done with group 59/84' >> tracking_file_new_release.txt

sudo python loading_data.py -s 110625.0,107373.0,145991.0,8722,103790.0,101373.0,138812.0,139495.0,211212.0,101985,138809.0,212980.0,203944.0,6245.0,137167.0,103304.0,5725,7586,105870.0,140436.0,110681.0,139907.0,113171.0,108715.0,206667.0,207099.0,122748.0,150934.0,116390.0,188899.0,108754.0,166419.0,113134.0,114299.0,106214,101143.0,105965.0,105612.0,127085.0,9086.0,125210.0,109417,212462.0,115151.0,7288,103497,110283.0,128673.0,106656.0,151196.0,127076.0,128093.0,102335.0,115477.0,111415.0,101699.0,6573,8895,128621.0,148577.0,115136,111842.0,211234.0,6839,111090.0,144183.0,109876.0,142572.0,111037.0,110960.0,116332.0,113483.0,160601.0,124004.0,121961.0,102116.0,8487,8755,134030.0,122391.0,101197.0,110372.0,144391.0,7643,108711.0,135311.0,121522.0,109093.0,151432.0,104189.0  -b 2018 -e 2019 -o new_release_part_2_60
sudo julia -p 7 fit_smiles.jl new_release_part_2_60
sudo julia -p 7 est_parameters.jl new_release_part_2_60
sudo rm data/raw_data/opt_data_new_release_part_2_60.csv
sudo rm data/raw_data/dist_data_new_release_part_2_60.csv
echo 'Done with group 60/84' >> tracking_file_new_release.txt

sudo python loading_data.py -s 189540.0,9228,213605.0,104808.0,151420.0,118902.0,105479.0,109949.0,124959.0,103312.0,104036.0,109014.0,147803.0,213305.0,105119.0,112115.0,188716.0,112608.0,108749.0,101913.0,109236,162148.0,212952.0,103618.0,103048.0,103158.0,7968,110650.0,123700.0,113137.0,103939.0,111298,155255.0,113496.0,111009.0,114724.0,8456,102363.0,7738.0,134842.0,151151.0,101903.0,116362.0,188510.0,203310.0,134023.0,144516.0,113432.0,210784.0,106568.0,133878.0,162158.0,188523.0,137156.0,208682.0,109212.0,128567.0,148586.0,5311,107973,213638.0,102078.0,108148,125278.0,8278.0,107913.0,109287.0,204145.0,5668,121705.0,111397.0,155806.0,212090.0,105859.0,102212,188622.0,8713,101904.0,211939.0,101693,112310.0,105631.0,113932.0,103444.0,127728.0,213561.0,104516,129599.0,110083.0,8372  -b 2018 -e 2019 -o new_release_part_2_61
sudo julia -p 7 fit_smiles.jl new_release_part_2_61
sudo julia -p 7 est_parameters.jl new_release_part_2_61
sudo rm data/raw_data/opt_data_new_release_part_2_61.csv
sudo rm data/raw_data/dist_data_new_release_part_2_61.csv
echo 'Done with group 61/84' >> tracking_file_new_release.txt

sudo python loading_data.py -s 6650,109916.0,110150,103470.0,105429.0,6264.0,106027.0,118590.0,125162.0,108864.0,9057,101605.0,121553.0,8072,204143.0,106956.0,101260.0,104749.0,111859.0,129365.0,108271.0,109270.0,209553.0,104507.0,110128.0,124936.0,127519.0,8494,111012.0,101322.0,107265,108268.0,103421.0,7471,102413.0,7389,101343.0,124993.0,112356.0,108453.0,5081,108542.0,104097,6676,144221.0,7378,8274,127521.0,111020.0,109306.0,124898.0,110749.0,121576.0,105014.0,112050.0,109843.0,136220.0,127750.0,5176,134020.0,102118.0,144370.0,112782.0,205825.0,108906.0,134929.0,115385.0,107456.0,110148.0,112823.0,151558.0,109412.0,209182.0,122702.0,111737.0,103289.0,104084.0,111251.0,8829,110027.0,114616.0,104300.0,205038.0,105926.0,101302.0,114497.0,116308.0,9072,107601.0,104328.0  -b 2018 -e 2019 -o new_release_part_2_62
sudo julia -p 7 fit_smiles.jl new_release_part_2_62
sudo julia -p 7 est_parameters.jl new_release_part_2_62
sudo rm data/raw_data/opt_data_new_release_part_2_62.csv
sudo rm data/raw_data/dist_data_new_release_part_2_62.csv
echo 'Done with group 62/84' >> tracking_file_new_release.txt

sudo python loading_data.py -s 134190.0,205195.0,116272.0,8028,210219.0,144286.0,101579.0,111668.0,205961.0,8414.0,212057.0,110577,9554,111150,121599.0,7264,101775.0,209642.0,100903.0,102464.0,155600.0,139274.0,111728.0,129833.0,108875.0,106922,120979.0,7833,108634.0,109323,117433.0,135331.0,111953.0,101731.0,102735.0,103204.0,105363.0,106678.0,123091.0,5178,106945.0,101365.0,122057.0,7173,212783.0,148503.0,128762.0,106661.0,205560.0,211488.0,6331,212950.0,102188.0,8586,108952.0,8397,104497,112992.0,103909.0,107592.0,106936.0,6970.0,105834.0,205599.0,121078.0,111657.0,161629.0,139620.0,107223,106044.0,112373.0,113455.0,101943.0,8809,5279,109019.0,134240.0,105700.0,102094.0,104312,121984.0,104690.0,193060.0,104488.0,111279.0,139503.0,101892.0,103842.0,5436.0,5953  -b 2018 -e 2019 -o new_release_part_2_63
sudo julia -p 7 fit_smiles.jl new_release_part_2_63
sudo julia -p 7 est_parameters.jl new_release_part_2_63
sudo rm data/raw_data/opt_data_new_release_part_2_63.csv
sudo rm data/raw_data/dist_data_new_release_part_2_63.csv
echo 'Done with group 63/84' >> tracking_file_new_release.txt

sudo python loading_data.py -s 104029.0,124764.0,143783.0,189959.0,111027,112069.0,106777.0,104597.0,5433,113017.0,125204.0,6016,138857.0,6204.0,146036.0,120078.0,6461,6767,152031.0,134653.0,134018.0,6749,9324,6612.0,112101,107757.0,108836.0,154350.0,203951.0,212514.0,7908,134038.0,105492.0,101430.0,205211.0,105391,109035.0,127516.0,103477.0,9261,108740.0,110351.0,113443.0,115435.0,166843.0,111976.0,110525.0,144227.0,103047.0,106121.0,212772.0,123938.0,110631.0,125522.0,111882,208218.0,155295.0,108965.0,212796.0,116410.0,6042,5142,103567.0,142765.0,203568.0,104551.0,7534,101743.0,106295.0,103341.0,102389.0,134752.0,104589.0,126003.0,5444,112045.0,117095.0,209612.0,106338.0,122921.0,142620.0,5072.0,138379.0,105569.0,104824.0,114700.0,110376.0,5640,8203,138800.0  -b 2018 -e 2019 -o new_release_part_2_64
sudo julia -p 7 fit_smiles.jl new_release_part_2_64
sudo julia -p 7 est_parameters.jl new_release_part_2_64
sudo rm data/raw_data/opt_data_new_release_part_2_64.csv
sudo rm data/raw_data/dist_data_new_release_part_2_64.csv
echo 'Done with group 64/84' >> tracking_file_new_release.txt

sudo python loading_data.py -s 155284.0,6067,109496,138301.0,136296.0,129724.0,127812.0,112795.0,144672.0,155434.0,5749,189181.0,111878.0,104456.0,107887.0,103623.0,213481.0,6151,113100.0,135012.0,118973.0,211215.0,142577.0,121731.0,119560.0,112304.0,102676.0,101535.0,212782.0,9263,122381.0,101263.0,105006.0,116416.0,7839,212374.0,206427.0,145894.0,111465.0,7107,115119.0,104493.0,107884,162021.0,103590,129552.0,109552.0,5224,125025.0,213363.0,144403.0,134596.0,105808,112977.0,7509,206159.0,8521,208792.0,104751.0,8420.0,105628,5905,101711.0,126921.0,109849.0,8869.0,210225.0,134551.0,110804,5315.0,116919.0,110016.0,207401.0,5006.0,116033.0,8941.0,138810.0,106634,104368.0,107997.0,6214,139322.0,106623.0,7552,129711.0,116800.0,5575,101226.0,128586.0,102058.0  -b 2018 -e 2019 -o new_release_part_2_65
sudo julia -p 7 fit_smiles.jl new_release_part_2_65
sudo julia -p 7 est_parameters.jl new_release_part_2_65
sudo rm data/raw_data/opt_data_new_release_part_2_65.csv
sudo rm data/raw_data/dist_data_new_release_part_2_65.csv
echo 'Done with group 65/84' >> tracking_file_new_release.txt

sudo python loading_data.py -s 120453.0,106518.0,8611.0,114650.0,6853,213675.0,104025.0,123077.0,6864,134778.0,108552.0,113096.0,100906.0,112262.0,109386.0,113170.0,105183.0,106600.0,107644.0,128924.0,9413,213194.0,103496,211496.0,119846.0,189194.0,9094.0,155235.0,6241,112332.0,138970.0,5603,7644,122546.0,111776.0,147363.0,111895.0,139228.0,112463.0,108530,111916.0,150181.0,113456.0,8956,5991,110395.0,112070.0,124047.0,105447.0,103753,105502.0,8963,109480.0,116360.0,103385.0,109255.0,101219.0,212921.0,112928.0,106716.0,8837,203561.0,8266.0,5220,110465.0,121371.0,111785,110367,102997.0,121757.0,8517,162316.0,121952.0,123289.0,106760.0,129836.0,205793.0,103894.0,151613.0,127569.0,121408.0,7344.0,126359.0,145893.0,102788.0,101170.0,128588.0,154926.0,113190.0,9164.0  -b 2018 -e 2019 -o new_release_part_2_66
sudo julia -p 7 fit_smiles.jl new_release_part_2_66
sudo julia -p 7 est_parameters.jl new_release_part_2_66
sudo rm data/raw_data/opt_data_new_release_part_2_66.csv
sudo rm data/raw_data/dist_data_new_release_part_2_66.csv
echo 'Done with group 66/84' >> tracking_file_new_release.txt

sudo python loading_data.py -s 122336.0,108361.0,106730.0,6888,213276.0,148589.0,111398.0,107762.0,106100.0,115985.0,128067.0,127695.0,101974.0,106906.0,106203.0,102557.0,210940.0,123632.0,122519.0,107079.0,107216.0,112399.0,152390.0,147370.0,101067.0,143014.0,110397.0,189252.0,112421.0,103767.0,102159.0,8381,112382.0,102168.0,101221.0,147689.0,143710.0,110229.0,135395.0,107344.0,102828.0,6892,105448.0,137171.0,102095.0,126911.0,105689.0,203203.0,6283,107890.0,207627.0,126899.0,107448.0,101019.0,109213.0,6686.0,8503,123594.0,102278.0,204247.0,154817.0,135301.0,109153,105973.0,110769.0,127103.0,105206.0,103201,8777.0,108564.0,129070.0,8230,106854.0,101749.0,104285.0,135423.0,112022.0,120065.0,117285.0,140019.0,162011.0,103463.0,134899.0,106959.0,210852.0,103090.0,106003.0,105197,7925.0,6065  -b 2018 -e 2019 -o new_release_part_2_67
sudo julia -p 7 fit_smiles.jl new_release_part_2_67
sudo julia -p 7 est_parameters.jl new_release_part_2_67
sudo rm data/raw_data/opt_data_new_release_part_2_67.csv
sudo rm data/raw_data/dist_data_new_release_part_2_67.csv
echo 'Done with group 67/84' >> tracking_file_new_release.txt

sudo python loading_data.py -s 115259.0,109810.0,121690.0,8921,105980.0,109146.0,207391.0,108328.0,129071.0,102201.0,128879.0,102288.0,203328.0,102564.0,101188.0,105067,105362,152056.0,144676.0,123620.0,105883,129354.0,111359.0,112210.0,125974.0,101777.0,112596.0,139733.0,135181.0,9061.0,189342.0,109638.0,6895,101960,137173.0,103581.0,107075.0,123739.0,122770.0,125610.0,123643.0,8171,102916.0,112067.0,105721.0,108688.0,102362.0,204223.0,108956.0,112194.0,121565.0,108402.0,213393.0,106159.0,5598,110615.0,151422.0,103130.0,107613.0,203892.0,106504,139331.0,108532.0,104081.0,207894.0,103388.0,124720.0,127219.0,108036.0,125512.0,110578.0,134620.0,135243.0,107987.0,8739,113116.0,126697.0,107459.0,6800,134716.0,109615.0,8955,203986.0,105736.0,111057.0,207040.0,6315,7605,108437,135274.0  -b 2018 -e 2019 -o new_release_part_2_68
sudo julia -p 7 fit_smiles.jl new_release_part_2_68
sudo julia -p 7 est_parameters.jl new_release_part_2_68
sudo rm data/raw_data/opt_data_new_release_part_2_68.csv
sudo rm data/raw_data/dist_data_new_release_part_2_68.csv
echo 'Done with group 68/84' >> tracking_file_new_release.txt

sudo python loading_data.py -s 161980.0,111725.0,108850.0,105208.0,112950.0,108181.0,150893.0,106395.0,124951.0,213447.0,124171.0,8645.0,7475,106567.0,7314,105047.0,137652.0,112111.0,6541,109215.0,101534.0,104671.0,109261.0,7333,109942.0,204366.0,129491.0,8808,116318.0,5571,103219.0,110242.0,111049,101082.0,210713.0,110587,138140.0,134359.0,110679.0,111740,8932,203473.0,7261,129856.0,5494.0,120074.0,121736.0,106197.0,7948.0,123296.0,5204,111271.0,111557.0,7589,5597,111372,123723.0,107450.0,208595.0,108712.0,112099.0,103796.0,109965.0,144598.0,9068,203947.0,102304.0,123709.0,124053.0,8640.0,148428.0,7821,5885,135166.0,107241.0,104356.0,205208.0,112008.0,121773.0,111858.0,102755,109286.0,210761.0,9028,189703.0,111483.0,111360,108275.0,188637.0,151162.0  -b 2018 -e 2019 -o new_release_part_2_69
sudo julia -p 7 fit_smiles.jl new_release_part_2_69
sudo julia -p 7 est_parameters.jl new_release_part_2_69
sudo rm data/raw_data/opt_data_new_release_part_2_69.csv
sudo rm data/raw_data/dist_data_new_release_part_2_69.csv
echo 'Done with group 69/84' >> tracking_file_new_release.txt

sudo python loading_data.py -s 133874.0,104786.0,5807,110213.0,121531.0,213520.0,104534.0,7913,101552.0,104320.0,137270.0,123823.0,105571,7272,152337.0,103661.0,125454.0,125486.0,7687,7823,111215,109907,103905,127733.0,102749,106312.0,103838.0,213944.0,148601.0,142997.0,126747.0,138519.0,6855,134138.0,9196,110291,115656.0,213901.0,107674.0,205939.0,104219.0,101062.0,6085,8759,105757.0,111830.0,202955.0,110871.0,107685.0,104223.0,137248.0,108504.0,106355.0,7277,112628.0,112865.0,115984.0,103088,8422,111759,207008.0,7340,101332.0,6401,101461.0,8331.0,106979,102244.0,6903,6670.0,6003,127019.0,207458.0,112220,103023.0,112395.0,105393.0,110742.0,7931,121356.0,107828.0,161219.0,112054.0,102970.0,108882.0,9092,122005.0,110566.0,8095,139037.0  -b 2018 -e 2019 -o new_release_part_2_70
sudo julia -p 7 fit_smiles.jl new_release_part_2_70
sudo julia -p 7 est_parameters.jl new_release_part_2_70
sudo rm data/raw_data/opt_data_new_release_part_2_70.csv
sudo rm data/raw_data/dist_data_new_release_part_2_70.csv
echo 'Done with group 70/84' >> tracking_file_new_release.txt

sudo python loading_data.py -s 111174.0,133884.0,101606.0,111291.0,107076.0,109129.0,110806.0,134295.0,139116.0,109589.0,141943.0,103819.0,196074.0,128021.0,147351.0,110416.0,111694.0,110034.0,212745.0,101672.0,6179,122484.0,213529.0,135073.0,124923.0,9036,102510.0,108126.0,115110.0,6296,133887.0,104405.0,116198.0,110305.0,7666.0,148760.0,6428.0,107583,104662.0,103583.0,117459.0,127117.0,110479.0,5227.0,5764,5871,124192.0,212993.0,154992.0,111761.0,116267.0,103821.0,114669.0,112647.0,126888.0,102293.0,112215.0,110496.0,133893.0,213387.0,102734.0,107243.0,104870.0,127614.0,209959.0,154447.0,110558.0,7047.0,121368.0,106557.0,102922.0,134623.0,211705.0,109816.0,143785.0,103893.0,208038.0,6133,105704.0,161628.0,213258.0,104330,125133.0,124747.0,105632.0,123547.0,124894.0,5151,112894.0,123080.0  -b 2018 -e 2019 -o new_release_part_2_71
sudo julia -p 7 fit_smiles.jl new_release_part_2_71
sudo julia -p 7 est_parameters.jl new_release_part_2_71
sudo rm data/raw_data/opt_data_new_release_part_2_71.csv
sudo rm data/raw_data/dist_data_new_release_part_2_71.csv
echo 'Done with group 71/84' >> tracking_file_new_release.txt

sudo python loading_data.py -s 103230.0,111152.0,9245.0,103288.0,109387.0,151399.0,6698.0,110853.0,105413.0,112023,112474.0,112056.0,154518.0,138522.0,109688.0,213322.0,7500,103971.0,106666.0,106347.0,102748.0,137220.0,137266.0,108130.0,105576,8106,5852,113459.0,128549.0,102093.0,8996,189351.0,104733.0,112012.0,138351.0,128617.0,109119.0,6837,208243.0,102031,122561.0,5198.0,112233.0,112090.0,104868.0,208764.0,5043,139696.0,5009,110863,154857.0,120443.0,103137.0,110986.0,104351.0,105062.0,8231.0,5418,102196.0,107419.0,109189.0,103163.0,5534,139691.0,110006.0,101629.0,5511.0,107896.0,147305.0,101623.0,106326.0,111101.0,118652.0,125115.0,139929.0,117105.0,109150.0,102550.0,112655.0,152305.0,147590.0,207755.0,104596.0,104533.0,109516.0,127453.0,138426.0,8239,121389.0,203564.0  -b 2018 -e 2019 -o new_release_part_2_72
sudo julia -p 7 fit_smiles.jl new_release_part_2_72
sudo julia -p 7 est_parameters.jl new_release_part_2_72
sudo rm data/raw_data/opt_data_new_release_part_2_72.csv
sudo rm data/raw_data/dist_data_new_release_part_2_72.csv
echo 'Done with group 72/84' >> tracking_file_new_release.txt

sudo python loading_data.py -s 6449,8012.0,123629.0,103615.0,205072.0,5527,125139.0,128182.0,103382.0,208502.0,110167.0,103607.0,109967.0,111230.0,127469.0,5672,212943.0,154615.0,151944.0,127492.0,207288.0,124748.0,148507.0,112657.0,122625.0,9482,5441,110156.0,128074.0,116256.0,8732,151826.0,107132.0,128575.0,5066,105839.0,109497.0,5152,128140.0,205915.0,5199,106658.0,211248.0,125712.0,135397.0,7989,105412,144667.0,103759.0,9033,108667.0,5752,144529.0,9221,126266.0,111338.0,106692.0,104972.0,9343,111138.0,211264.0,8079,115485.0,212946.0,107231.0,125503.0,212375.0,204546.0,102871,135028.0,105272.0,122451.0,6718,101847.0,128950.0,166723.0,103657.0,109865,107361.0,106900.0,7109.0,147640.0,112404.0,111086.0,147759.0,133865.0,107351.0,5687,145738.0,110346.0  -b 2018 -e 2019 -o new_release_part_2_73
sudo julia -p 7 fit_smiles.jl new_release_part_2_73
sudo julia -p 7 est_parameters.jl new_release_part_2_73
sudo rm data/raw_data/opt_data_new_release_part_2_73.csv
sudo rm data/raw_data/dist_data_new_release_part_2_73.csv
echo 'Done with group 73/84' >> tracking_file_new_release.txt

sudo python loading_data.py -s 109578.0,103129.0,6468,103360.0,213839.0,104704.0,134390.0,111445.0,7274,204206.0,104600.0,126942.0,6755,5331,121359.0,103646.0,129385.0,108274.0,108668.0,111644.0,117446.0,7993,111078.0,134029.0,120063.0,127805.0,102617.0,123036.0,154331.0,111225.0,101128.0,110619.0,102198.0,103737.0,129619.0,110983.0,126716.0,104099.0,110623,109581.0,111218.0,102668.0,105799.0,110300.0,107834,105138.0,189690.0,108834.0,101536.0,106260.0,114653.0,6648,212673.0,105195.0,166733.0,6787,102020.0,204693.0,103901.0,101323.0,8111.0,113091.0,162173.0,135154.0,213216.0,115657.0,128141.0,207392.0,101818.0,8954.0,136230.0,105322.0,101107.0,113463.0,8714,102804.0,124987.0,101335.0,101646,106073.0,109381.0,139622.0,127149.0,109250,109059.0,7162.0,108395.0,144234.0,105177,109686.0  -b 2018 -e 2019 -o new_release_part_2_74
sudo julia -p 7 fit_smiles.jl new_release_part_2_74
sudo julia -p 7 est_parameters.jl new_release_part_2_74
sudo rm data/raw_data/opt_data_new_release_part_2_74.csv
sudo rm data/raw_data/dist_data_new_release_part_2_74.csv
echo 'Done with group 74/84' >> tracking_file_new_release.txt

sudo python loading_data.py -s 124196.0,7004,107033.0,118506.0,6357.0,134771.0,138759.0,8587.0,106469.0,109604.0,107470.0,5544,102591.0,107370.0,109996.0,134875.0,104263.0,106068.0,115445.0,102648.0,210288.0,109348.0,126958.0,112036.0,121793.0,112495.0,204493.0,112551.0,9024,135007.0,213775.0,151121.0,134040.0,143132.0,104866.0,6536.0,105336.0,101330.0,113084.0,111121.0,112415.0,110028.0,189358.0,105408.0,209200.0,105921.0,213110.0,6622.0,9334,101696,107036.0,7857.0,122559.0,112714.0,112407.0,112198.0,121950.0,107701.0,128820.0,112282.0,9054,110843.0,102025.0,107664.0,101174.0,117084.0,5977,135267.0,122547.0,137356.0,121384.0,111112.0,105705.0,101570.0,212093.0,5342,125576.0,107935.0,127002.0,111229.0,211932.0,129212.0,125052.0,108495,135105.0,107605.0,104109,102885.0,128265.0,111183  -b 2018 -e 2019 -o new_release_part_2_75
sudo julia -p 7 fit_smiles.jl new_release_part_2_75
sudo julia -p 7 est_parameters.jl new_release_part_2_75
sudo rm data/raw_data/opt_data_new_release_part_2_75.csv
sudo rm data/raw_data/dist_data_new_release_part_2_75.csv
echo 'Done with group 75/84' >> tracking_file_new_release.txt

sudo python loading_data.py -s 114885.0,107816,112190,155328.0,138385.0,113151.0,213408.0,116378.0,103122.0,116404.0,101110.0,100971.0,135167.0,7085.0,145314.0,137638.0,212801.0,116511.0,109054.0,102311.0,107178,128183.0,107943.0,105291.0,115088.0,108334.0,101182.0,129796.0,8899,103915.0,5252.0,107312,111983.0,108284.0,137063.0,108432.0,8580,106058.0,102185.0,117417.0,117682.0,121529.0,110838.0,123105.0,112334.0,209006.0,7942,119869.0,110302.0,102980.0,111994.0,106996.0,203979.0,125140.0,105184.0,123610.0,112579.0,144152.0,8437.0,8868.0,166681.0,8831.0,6312.0,126898.0,100885.0,107499,101653,162018.0,139023.0,206035.0,106718.0,106196.0,124043.0,103980.0,139179.0,105563.0,6980.0,8224,135117.0,114517.0,128906.0,137695.0,110112.0,108948.0,114006.0,7761,104902.0,6701.0,127751.0,109029.0  -b 2018 -e 2019 -o new_release_part_2_76
sudo julia -p 7 fit_smiles.jl new_release_part_2_76
sudo julia -p 7 est_parameters.jl new_release_part_2_76
sudo rm data/raw_data/opt_data_new_release_part_2_76.csv
sudo rm data/raw_data/dist_data_new_release_part_2_76.csv
echo 'Done with group 76/84' >> tracking_file_new_release.txt

sudo python loading_data.py -s 103967,139861.0,210832.0,101035,139787.0,107647.0,107431.0,108125.0,8542,7506,6342,152157.0,5809.0,139040.0,7118,112580.0,113859.0,103806,105881.0,138389.0,110123.0,127617.0,116373.0,134557.0,103994.0,210822.0,125125.0,106507.0,107557.0,188590.0,105224,105219,189944.0,9520,213787.0,8974,134846.0,120919.0,108469,112442.0,107867,112447.0,162000.0,126717.0,111841.0,161352.0,6178,104976.0,213365.0,125124.0,103308.0,124237.0,5563,152494.0,135068.0,104253.0,137345.0,106603.0,102939.0,5386,107209.0,125449.0,134926.0,102117,208744.0,105351.0,138299.0,125497.0,9275.0,122019.0,6095,137112.0,111192.0,111531.0,189211.0,103327.0,112461.0,6078,117428.0,101859.0,102119.0,135248.0,8883.0,7836,129767.0,211138.0,102379.0,212029.0,110520.0,100973.0  -b 2018 -e 2019 -o new_release_part_2_77
sudo julia -p 7 fit_smiles.jl new_release_part_2_77
sudo julia -p 7 est_parameters.jl new_release_part_2_77
sudo rm data/raw_data/opt_data_new_release_part_2_77.csv
sudo rm data/raw_data/dist_data_new_release_part_2_77.csv
echo 'Done with group 77/84' >> tracking_file_new_release.txt

sudo python loading_data.py -s 207893.0,7361,8671,111166.0,127708.0,116269.0,146321.0,102958.0,122544.0,188530.0,6097,7985,105573.0,123746.0,110441,148024.0,106971.0,110299.0,110330.0,203276.0,108041,117797.0,152030.0,7505.0,101251.0,126878.0,105385.0,112078.0,205490.0,122441.0,5137.0,125531.0,8990,109632.0,111495.0,108056.0,5413,148588.0,102208.0,9281,161984.0,116307.0,205474.0,107027,8599,134139.0,122121.0,107458,213811.0,112353.0,208678.0,147693.0,107621.0,6130,104538.0,9455,102515.0,205181.0,102263.0,107877.0,9412,122580.0,5848.0,114282.0,154709.0,8002,129132.0,109599.0,213114.0,111258.0,124798.0,8624,115427.0,5453,105356.0,208219.0,117010.0,111907.0,105608,123734.0,145990.0,102865.0,108778.0,7259,103139.0,106940.0,115026.0,101027,108419,151594.0  -b 2018 -e 2019 -o new_release_part_2_78
sudo julia -p 7 fit_smiles.jl new_release_part_2_78
sudo julia -p 7 est_parameters.jl new_release_part_2_78
sudo rm data/raw_data/opt_data_new_release_part_2_78.csv
sudo rm data/raw_data/dist_data_new_release_part_2_78.csv
echo 'Done with group 78/84' >> tracking_file_new_release.txt

sudo python loading_data.py -s 102336.0,112321.0,102490,109545.0,109415.0,111508,111392.0,101795.0,109271.0,213249.0,107588,5075,139324.0,110199.0,102383.0,134832.0,8064,127731.0,106610.0,121594.0,111182.0,151721.0,5751,112732.0,189724.0,114646.0,121357.0,126896.0,106498.0,106920.0,110336.0,104150.0,9194,211198.0,114240.0,103321.0,111934.0,134663.0,8310,213815.0,104604.0,104648.0,110180.0,121766.0,135171.0,106792,7579,8124,122359.0,115112.0,106052.0,108886.0,103956.0,125136.0,112424.0,112509.0,103910.0,129688.0,7820.0,107454.0,135420.0,115569.0,207174.0,106493.0,107825.0,134782.0,7422,160991.0,111965.0,112135.0,151123.0,119827.0,115041.0,143033.0,106586.0,112263.0,126673.0,8673,9227,125450.0,8610,129137.0,5728,213057.0,129376.0,204391.0,129177.0,7127.0,7490,105575.0  -b 2018 -e 2019 -o new_release_part_2_79
sudo julia -p 7 fit_smiles.jl new_release_part_2_79
sudo julia -p 7 est_parameters.jl new_release_part_2_79
sudo rm data/raw_data/opt_data_new_release_part_2_79.csv
sudo rm data/raw_data/dist_data_new_release_part_2_79.csv
echo 'Done with group 79/84' >> tracking_file_new_release.txt

sudo python loading_data.py -s 108289.0,101877.0,140425.0,105951.0,135180.0,213434.0,208767.0,104031.0,111790.0,129333.0,105743.0,107288.0,8145.0,113474.0,108628.0,204481.0,5705,104297.0,125709.0,103255.0,117929.0,8014,208714.0,141138.0,134689.0,138709.0,106995.0,116464.0,8762,5295,111137.0,9066.0,139698.0,110786.0,110024,102951.0,117638.0,107203.0,117625.0,125023.0,189963.0,113970.0,129154.0,111871,111949.0,9293,105426.0,101812.0,139247.0,104628.0,7947.0,102103,8912.0,190007.0,113454.0,7133,206059.0,111377.0,102429.0,6874,6764,110712.0,5033,5371,108202.0,101659.0,105222.0,111289.0,123315.0,112444.0,5724,106502.0,111910.0,110836.0,112380.0,6307,111984,115274.0,115014.0,124134.0,144502.0,8846,107746,210060.0,110760.0,8187,112317.0,5046,154310.0,205556.0  -b 2018 -e 2019 -o new_release_part_2_80
sudo julia -p 7 fit_smiles.jl new_release_part_2_80
sudo julia -p 7 est_parameters.jl new_release_part_2_80
sudo rm data/raw_data/opt_data_new_release_part_2_80.csv
sudo rm data/raw_data/dist_data_new_release_part_2_80.csv
echo 'Done with group 80/84' >> tracking_file_new_release.txt

sudo python loading_data.py -s 106267,122346.0,139294.0,105325.0,135247.0,116528.0,101929.0,108200.0,128937.0,5012,9274.0,8690,103337,145682.0,110130.0,102280.0,111055.0,213448.0,110611.0,150497.0,116231.0,117098.0,105463.0,101746.0,213810.0,104875.0,8825,134864.0,108244.0,105701.0,109550.0,133986.0,203938.0,6320.0,111514.0,121350.0,108375.0,8693,116911.0,140418.0,7312,123740.0,101222.0,210935.0,207855.0,100991.0,7764,111708.0,110984.0,109178.0,6587,124744.0,106151.0,109662.0,121813.0,8680,210773.0,147692.0,129701.0,108840.0,6456,7875,105258.0,111756.0,139449.0,119959.0,104296.0,5712,7974,8907,109341.0,6404.0,103600.0,108937.0,125537.0,125131.0,7251,109903.0,5546,121982.0,115431.0,117667.0,104857.0,137215.0,5769,7838,146320.0,108870.0,116316.0,138314.0  -b 2018 -e 2019 -o new_release_part_2_81
sudo julia -p 7 fit_smiles.jl new_release_part_2_81
sudo julia -p 7 est_parameters.jl new_release_part_2_81
sudo rm data/raw_data/opt_data_new_release_part_2_81.csv
sudo rm data/raw_data/dist_data_new_release_part_2_81.csv
echo 'Done with group 81/84' >> tracking_file_new_release.txt

sudo python loading_data.py -s 104155.0,109794.0,5686.0,112796.0,106023.0,102584.0,107218.0,103841.0,108717.0,140427.0,8267.0,9277.0,150888.0,103039.0,7382,126947.0,162288.0,108747.0,104338.0,6647,124896.0,207367.0,129528.0,129721.0,151735.0,8493.0,107473.0,108765.0,129082.0,104693.0,110146.0,6221,7669.0,105610,102332.0,155239.0,107758.0,129617.0,100867.0,102854.0,107229.0,7445,112484.0,7157.0,102129.0,105946,122841.0,105992.0,127539.0,204280.0,111659.0,135066.0,112108.0,112967.0,8038,110703.0,205549.0,139995.0,107131.0,147556.0,108067.0,206144.0,127694.0,123625.0,213703.0,210396.0,142849.0,135368.0,140761.0,110272,104647.0,105268.0,103154.0,107323,5924,107382.0,189539.0,101604.0,139458.0,9321,111969.0,211979.0,127444.0,124897.0,111202.0,115221.0,145582.0,209320.0,115462.0,105344  -b 2018 -e 2019 -o new_release_part_2_82
sudo julia -p 7 fit_smiles.jl new_release_part_2_82
sudo julia -p 7 est_parameters.jl new_release_part_2_82
sudo rm data/raw_data/opt_data_new_release_part_2_82.csv
sudo rm data/raw_data/dist_data_new_release_part_2_82.csv
echo 'Done with group 82/84' >> tracking_file_new_release.txt

sudo python loading_data.py -s 106660.0,105707.0,188499.0,6009,147341.0,110313.0,124982.0,106989.0,7375.0,103957.0,144280.0,101041,101382,107496.0,139041.0,6387.0,108860.0,151765.0,123642.0,6341.0,110849.0,5118.0,135497.0,7115,207849.0,111511.0,152027.0,151194.0,122545.0,129837.0,7853.0,5782,213516.0,115178.0,143554.0,116556.0,161550.0,101608.0,106754.0,111188,129737.0,8107,203983.0,9355.0,110948.0,108119,7580,155119.0,106710.0,204457.0,6953,122620.0,106357.0,129254.0,103022.0,103257.0,107135.0,134036.0,103742,135225.0,107325.0,103447.0,103160,6726,103520.0,107398.0,107042.0,112291.0,135071.0,120920.0,148590.0,110563.0,104069.0,205537.0,138764.0,111219.0,204486.0,7870,103794.0,137401.0,109716.0,102850.0,148236.0,105518.0,6171,8649.0,106227.0,6432.0,117928.0,109894.0  -b 2018 -e 2019 -o new_release_part_2_83
sudo julia -p 7 fit_smiles.jl new_release_part_2_83
sudo julia -p 7 est_parameters.jl new_release_part_2_83
sudo rm data/raw_data/opt_data_new_release_part_2_83.csv
sudo rm data/raw_data/dist_data_new_release_part_2_83.csv
echo 'Done with group 83/84' >> tracking_file_new_release.txt

sudo python loading_data.py -s 102164.0,213485.0,125284.0,139595.0,112221.0,203407.0,106217.0,120155.0,103381.0,5061,5350.0,106595.0,102183.0,114652.0,210645.0,109543.0,7608,115226.0,143104.0,107293.0,107038.0,106097.0,109555.0,135088.0,104087.0,6217,125315.0,104426.0,206150.0,106139.0,6824,110106.0,8426,113220.0,118971.0,213168.0,8151.0,103816.0,121677.0,8688.0,107623,101697.0,101709.0,5876.0,103826.0,7563.0,8876,108264.0,103452.0,110945.0,114695.0,105624,8117,102843.0,127065.0,105220.0,121928.0,210327.0,111978.0,113426.0,111091.0,108679.0,121743.0,154124.0,107820.0,102701.0,124021.0,110175,124242.0,104858.0,211233.0,155278.0,6656,112061.0,144553.0,161964.0,8093,105630.0,112412.0,103481.0,102542,105727.0,7752,166370.0,7472,5088,162241.0,106570.0,109720,154589.0  -b 2018 -e 2019 -o new_release_part_2_84
sudo julia -p 7 fit_smiles.jl new_release_part_2_84
sudo julia -p 7 est_parameters.jl new_release_part_2_84
sudo rm data/raw_data/opt_data_new_release_part_2_84.csv
sudo rm data/raw_data/dist_data_new_release_part_2_84.csv
echo 'Done with group 84/84' >> tracking_file_new_release.txt

