sudo python loading_data.py -s 105149.0,114455.0,112653.0,104935.0,110071.0,5085,112402.0,147533.0,108429.0,152329.0,104259.0,121573.0,102810.0,114701.0,213336.0,110923.0,125232.0,102881.0,123727.0,105497.0,121775.0,6471,135240.0,102740.0,102792,5620.0,8764,102529,102713,101550.0,112706.0,147897.0,5324,154584.0,122565.0,129051.0,113192.0,108416.0,5040,102988.0,106960.0,7469,108796.0,106404.0,104116.0,121780.0,166758.0,134732.0,111968.0,110414.0,5813.0,152048.0,115438.0,111375.0,5910.0,124046.0,5428,9286,154339.0,131349.0,105348.0,106351.0,103544,106248.0,6974,162215.0,140749.0,100915.0,9039,134243.0,140017.0,106010,101796.0,5810,102090.0,210712.0,114248.0,102328.0,107672.0,106975.0,104594.0,125451.0,104557.0,127445.0,105513.0,125979.0,103680.0,5949,213192.0,111643.0  -b 2018 -e 2019 -o new_release_part_1_1
sudo julia -p 7 fit_smiles.jl new_release_part_1_1
sudo julia -p 7 est_parameters.jl new_release_part_1_1
sudo rm data/raw_data/opt_data_new_release_part_1_1.csv
sudo rm data/raw_data/dist_data_new_release_part_1_1.csv
echo 'Done with group 1/84' >> tracking_file_new_release.txt

sudo python loading_data.py -s 105971.0,141102.0,113002.0,115266.0,117456.0,117087.0,105925.0,129428.0,108279.0,102568.0,109104.0,112516.0,108779.0,109379.0,104028.0,129502.0,123741.0,110473.0,128130.0,205461.0,151130.0,209326.0,102519.0,104402.0,110232.0,189248.0,134011.0,134455.0,8052,159899.0,105982.0,101613,128758.0,211314.0,139330.0,213644.0,207862.0,5373,113740.0,6163.0,103247.0,7383,6010,102895.0,122567.0,7514,7197,209263.0,129060.0,188529.0,112756.0,151761.0,107933.0,6499,104178.0,116445.0,108237.0,111440.0,8462,110608,112374.0,204012.0,106599,111481.0,6721,110519.0,112866.0,156320.0,110761.0,115286.0,5264,211543.0,102153.0,108425.0,155254.0,134177.0,110076.0,104994.0,109369.0,8283.0,104341,110907.0,155603.0,212769.0,101395.0,134655.0,110498.0,7430,205740.0,103620.0  -b 2018 -e 2019 -o new_release_part_1_2
sudo julia -p 7 fit_smiles.jl new_release_part_1_2
sudo julia -p 7 est_parameters.jl new_release_part_1_2
sudo rm data/raw_data/opt_data_new_release_part_1_2.csv
sudo rm data/raw_data/dist_data_new_release_part_1_2.csv
echo 'Done with group 2/84' >> tracking_file_new_release.txt

sudo python loading_data.py -s 125524.0,113080.0,108222.0,205787.0,110775.0,129389.0,8625,108945.0,6481.0,138706.0,9189.0,103107.0,9292.0,188534.0,5567.0,104108.0,111539,103253.0,8903,111411.0,101897.0,120323.0,8349.0,102580.0,109488,106638.0,108795.0,109072.0,110289.0,108736.0,117637.0,122797.0,100960.0,128956.0,101546,145748.0,211405.0,210711.0,210640.0,101890.0,115417.0,135484.0,129064.0,7276,129381.0,109701.0,207013.0,203998.0,5995,129015.0,105300.0,5015,122430.0,8165,127804.0,6355,8328.0,147814.0,106641.0,125527.0,213652.0,213662.0,104438.0,102320.0,5564,102104.0,8401.0,124234.0,7793.0,107479.0,106688.0,6405,111652.0,126665.0,108380.0,6750,137724.0,107242.0,205041.0,146037.0,134618.0,6799,111231.0,113145.0,5964,213255.0,114728.0,144365.0,103401.0,110194.0  -b 2018 -e 2019 -o new_release_part_1_3
sudo julia -p 7 fit_smiles.jl new_release_part_1_3
sudo julia -p 7 est_parameters.jl new_release_part_1_3
sudo rm data/raw_data/opt_data_new_release_part_1_3.csv
sudo rm data/raw_data/dist_data_new_release_part_1_3.csv
echo 'Done with group 3/84' >> tracking_file_new_release.txt

sudo python loading_data.py -s 101658.0,155191.0,203201.0,5267.0,108168.0,104783.0,105139.0,111718,7639,204199.0,121206.0,104979.0,101355.0,121580.0,104390.0,102158.0,104685.0,138763.0,207654.0,104626.0,121724.0,116240.0,104908.0,5065.0,105517,108896.0,108060.0,111119.0,109690.0,105810,9023,148409.0,8533,213091.0,101209.0,111259.0,106501.0,110261,112576,118889.0,6882,105312.0,111266.0,111471.0,113034.0,129745.0,103897.0,5829,7450,105270.0,110218.0,111922.0,210959.0,206818.0,213530.0,102837,154340.0,110327.0,110829.0,108927.0,103306.0,112280.0,107531.0,116569.0,189257.0,102838.0,116475.0,103390.0,109245.0,6932,135016.0,204865.0,101327.0,106687.0,5667,111395.0,207611.0,104188.0,103234.0,112080,108029,8173,102757.0,103923.0,189741.0,107511.0,7417,188919.0,128655.0,143111.0  -b 2018 -e 2019 -o new_release_part_1_4
sudo julia -p 7 fit_smiles.jl new_release_part_1_4
sudo julia -p 7 est_parameters.jl new_release_part_1_4
sudo rm data/raw_data/opt_data_new_release_part_1_4.csv
sudo rm data/raw_data/dist_data_new_release_part_1_4.csv
echo 'Done with group 4/84' >> tracking_file_new_release.txt

sudo python loading_data.py -s 8384,102235.0,128084.0,100895.0,128929.0,105887.0,112523.0,7286.0,112849.0,135236.0,122020.0,213777.0,139985.0,134637.0,102877,161101.0,134819.0,5675,107100.0,104389.0,213467.0,161345.0,103033.0,6643.0,102167,123637.0,104468.0,104477.0,135442.0,104874.0,5990,129484.0,6509,109160.0,6358,6057,106617.0,6335,110337.0,5206,103847.0,142937.0,100961,6803,110418.0,112665.0,106782.0,5274,109058.0,213139.0,111306,103464.0,8152.0,7598,105936.0,145737.0,105225.0,205067.0,112980.0,135409.0,7284.0,109267.0,128646.0,101651.0,9322,108449.0,101899.0,124648.0,111750,105248.0,139485.0,117426.0,129429.0,106216.0,104201.0,112417.0,135341.0,106994.0,104736,133979.0,140004.0,6820,211697.0,5961,154960.0,154899.0,103898.0,124717.0,106154.0,5879  -b 2018 -e 2019 -o new_release_part_1_5
sudo julia -p 7 fit_smiles.jl new_release_part_1_5
sudo julia -p 7 est_parameters.jl new_release_part_1_5
sudo rm data/raw_data/opt_data_new_release_part_1_5.csv
sudo rm data/raw_data/dist_data_new_release_part_1_5.csv
echo 'Done with group 5/84' >> tracking_file_new_release.txt

sudo python loading_data.py -s 104465.0,5382,107457.0,122039.0,118096.0,108500.0,140754.0,208594.0,134707.0,105190.0,103702.0,139162.0,125573.0,207651.0,109532.0,212066.0,111752,112767.0,111932.0,105730.0,154918.0,7620,102083.0,109994.0,104949.0,207748.0,106178.0,111919.0,111444.0,140796.0,9504.0,8780.0,110752.0,111736.0,166625.0,207366.0,102341.0,114854.0,109586.0,107123,112265.0,102525.0,108176.0,102911.0,104986.0,124439.0,103085,108143.0,133982.0,112582.0,118755.0,105771.0,152490.0,129346.0,139038.0,107908,110320,125045.0,204856.0,6263,108917,118387.0,102921.0,103627.0,117000.0,7874,105305.0,154318.0,110249.0,109350.0,7179,212301.0,128527.0,104227.0,148553.0,104572,102419.0,122574.0,138498.0,8789,145667.0,125199.0,107915,128949.0,213672.0,110991.0,122357.0,117810.0,213593.0,108666.0  -b 2018 -e 2019 -o new_release_part_1_6
sudo julia -p 7 fit_smiles.jl new_release_part_1_6
sudo julia -p 7 est_parameters.jl new_release_part_1_6
sudo rm data/raw_data/opt_data_new_release_part_1_6.csv
sudo rm data/raw_data/dist_data_new_release_part_1_6.csv
echo 'Done with group 6/84' >> tracking_file_new_release.txt

sudo python loading_data.py -s 105838.0,6409.0,109453.0,109817.0,111451.0,6885,113473.0,211704.0,129065.0,153377.0,116345.0,101080.0,8728,189329.0,108109.0,138641.0,209447.0,103213.0,8518.0,107040.0,102318.0,205514.0,129794.0,7810,101689.0,100946.0,107882.0,103553.0,103471.0,5718,103410.0,109095.0,110169.0,210263.0,8700,112722.0,101713.0,118653.0,129602.0,203467.0,154452.0,5166.0,129689.0,107206.0,115480.0,106963.0,6303,117629.0,124950.0,142836.0,106857.0,103211.0,8366,7458,106302,134643.0,209832.0,134630.0,142603.0,103865.0,9186,111897.0,109946.0,108030.0,101171.0,7317,122772.0,104878.0,7044.0,104962.0,107663.0,124220.0,9449,8775,122450.0,147531.0,207118.0,109718.0,106294.0,111634.0,112160.0,121636.0,107562.0,111315.0,102903.0,107065.0,135326.0,152165.0,144587.0,100921.0  -b 2018 -e 2019 -o new_release_part_1_7
sudo julia -p 7 fit_smiles.jl new_release_part_1_7
sudo julia -p 7 est_parameters.jl new_release_part_1_7
sudo rm data/raw_data/opt_data_new_release_part_1_7.csv
sudo rm data/raw_data/dist_data_new_release_part_1_7.csv
echo 'Done with group 7/84' >> tracking_file_new_release.txt

sudo python loading_data.py -s 101524,137235.0,109063.0,121733.0,103207.0,104744.0,103190.0,8524,111689.0,190008.0,213670.0,102616.0,7293,105383.0,135282.0,207045.0,109137,129568.0,103072,137408.0,124996.0,101820.0,134358.0,111545.0,213271.0,5591,108240.0,117280.0,145955.0,107996.0,213591.0,109107.0,112530.0,117453.0,111255.0,113735,103328.0,122621.0,102703.0,120080.0,137636.0,8708.0,133882.0,145961.0,6876,112333.0,128232.0,125713.0,113157.0,112507.0,101814.0,121508.0,8026,137721.0,116300.0,161339.0,120915.0,105785.0,7132,111831.0,101844.0,107364.0,9302,129146.0,129744.0,117099.0,102873.0,111546.0,204852.0,8354,102136.0,211201.0,155240.0,205554.0,125545.0,105417.0,107584.0,102005.0,104137.0,134449.0,139419.0,121790.0,122443.0,9083,128252.0,111777.0,142613.0,104880.0,6127,5502  -b 2018 -e 2019 -o new_release_part_1_8
sudo julia -p 7 fit_smiles.jl new_release_part_1_8
sudo julia -p 7 est_parameters.jl new_release_part_1_8
sudo rm data/raw_data/opt_data_new_release_part_1_8.csv
sudo rm data/raw_data/dist_data_new_release_part_1_8.csv
echo 'Done with group 8/84' >> tracking_file_new_release.txt

sudo python loading_data.py -s 5367.0,122395.0,105977.0,101845.0,104495.0,112349.0,122437.0,127071.0,166372.0,7789,109405.0,125447.0,106285.0,120812.0,205670.0,101789.0,124236.0,138777.0,5242,105942.0,7214.0,103676.0,6756,7120,108242.0,135521.0,205521.0,102961,213367.0,7983,147369.0,102775.0,111565.0,204484.0,114852.0,207652.0,142783.0,102360.0,8234.0,213905.0,7083.0,104959.0,116962.0,102702.0,115103.0,5596,109945.0,7723.0,102139.0,140530.0,127032.0,106166,104483.0,8096.0,126658.0,138789.0,116825.0,102834,204000.0,102071.0,137593.0,105911.0,5702,119860.0,162012.0,111456.0,100963.0,6983,113719.0,114242.0,111996.0,112741.0,137471.0,8350.0,213859.0,115432.0,152007.0,105774.0,139728.0,6049,111928.0,102190.0,9138.0,127485.0,112298.0,204756.0,166749.0,111861.0,117635.0,108117.0  -b 2018 -e 2019 -o new_release_part_1_9
sudo julia -p 7 fit_smiles.jl new_release_part_1_9
sudo julia -p 7 est_parameters.jl new_release_part_1_9
sudo rm data/raw_data/opt_data_new_release_part_1_9.csv
sudo rm data/raw_data/dist_data_new_release_part_1_9.csv
echo 'Done with group 9/84' >> tracking_file_new_release.txt

sudo python loading_data.py -s 101759,108221.0,211307.0,209872.0,107129.0,145988.0,105549.0,204214.0,5756.0,125208.0,123078.0,5909,120694.0,154894.0,101723,105369.0,101088,8600.0,8959,128948.0,116246.0,104746,162166.0,104561.0,111961.0,127464.0,9303.0,203175.0,138762.0,6043,101740,105051.0,139575.0,109528.0,109905.0,8884,108342.0,109081.0,115114.0,9142,112806.0,107826,109752.0,123822.0,113422.0,112619.0,101086.0,114304.0,6167,103725,134719.0,106364.0,100905.0,162005.0,135254.0,110862.0,5855,104835.0,108810.0,147840.0,7768,7362,102896.0,111022.0,6365,211109.0,9172,128920.0,103315.0,105519.0,103057.0,101563.0,105944.0,107652.0,129127.0,124737.0,8416,103699.0,105455.0,108695,101527.0,102062.0,110352.0,6348.0,7784.0,127026.0,112942.0,105637.0,151116.0,107403.0  -b 2018 -e 2019 -o new_release_part_1_10
sudo julia -p 7 fit_smiles.jl new_release_part_1_10
sudo julia -p 7 est_parameters.jl new_release_part_1_10
sudo rm data/raw_data/opt_data_new_release_part_1_10.csv
sudo rm data/raw_data/dist_data_new_release_part_1_10.csv
echo 'Done with group 10/84' >> tracking_file_new_release.txt

sudo python loading_data.py -s 209299.0,116797.0,106990,101611.0,105746,134762.0,104479.0,108970.0,105242,106187.0,148624.0,106898.0,112109.0,8931,117662.0,5051,6076,121381.0,111447.0,104926,112830.0,110149.0,116270.0,100930.0,134914.0,147195.0,100908.0,9199,123545.0,136323.0,8192.0,105288.0,111515.0,209823.0,101462.0,124210.0,108830.0,213907.0,125740.0,109613.0,106876,210777.0,112703.0,119449.0,116534.0,204478.0,106559.0,139531.0,127448.0,107602.0,105645.0,115384.0,116898.0,108925.0,109968.0,112511.0,116294.0,105959.0,117645.0,110821.0,156323.0,122439.0,112554.0,101077.0,150890.0,107152.0,115206,105354.0,121789.0,111365.0,123278.0,108710.0,107979.0,102056,161963.0,144346.0,160580.0,203981.0,122796.0,6658,104185.0,139261.0,203936.0,128628.0,114681.0,112187.0,104072.0,139408.0,106943.0,105418.0  -b 2018 -e 2019 -o new_release_part_1_11
sudo julia -p 7 fit_smiles.jl new_release_part_1_11
sudo julia -p 7 est_parameters.jl new_release_part_1_11
sudo rm data/raw_data/opt_data_new_release_part_1_11.csv
sudo rm data/raw_data/dist_data_new_release_part_1_11.csv
echo 'Done with group 11/84' >> tracking_file_new_release.txt

sudo python loading_data.py -s 109401.0,109828.0,108721.0,105323,105406.0,128657.0,104044.0,210523.0,6219,103235.0,108133,103380.0,102321.0,112146.0,110068.0,129777.0,166686.0,7788,138452.0,101562.0,7241,145798.0,113101.0,145934.0,102917.0,121392.0,115654.0,112575.0,143576.0,121413.0,148674.0,110273.0,107582.0,110531.0,118094.0,108196.0,166321.0,204411.0,103222.0,155269.0,137522.0,123523.0,161187.0,204216.0,7370,108009,107926.0,134010.0,204525.0,135355.0,110738,105542.0,6073,106737.0,113357.0,147631.0,126937.0,110655.0,105917.0,141140.0,137396.0,101049.0,102643.0,8227,105161.0,108047.0,129533.0,154362.0,106651,189336.0,107239.0,112266.0,128662.0,135351.0,122705.0,112465.0,108273.0,108879.0,108190.0,134245.0,104716.0,7503,151581.0,115422.0,121608.0,106299.0,5348,113730.0,137139.0,115473.0  -b 2018 -e 2019 -o new_release_part_1_12
sudo julia -p 7 fit_smiles.jl new_release_part_1_12
sudo julia -p 7 est_parameters.jl new_release_part_1_12
sudo rm data/raw_data/opt_data_new_release_part_1_12.csv
sudo rm data/raw_data/dist_data_new_release_part_1_12.csv
echo 'Done with group 12/84' >> tracking_file_new_release.txt

sudo python loading_data.py -s 110858.0,101724,108601.0,213884.0,203333.0,8204,106655.0,210307.0,101479.0,101846.0,205810.0,101186.0,105155.0,122776.0,107924.0,109194.0,105871.0,8232.0,5916.0,151026.0,106327.0,116587.0,203994.0,113022.0,126675.0,144595.0,104914,140011.0,101884,102660.0,6558.0,119280.0,8875,6769,109440.0,111801,5339,104652.0,119886.0,103011.0,111863,107122.0,161431.0,101201.0,107575.0,7830,100891.0,105313.0,112577.0,123641.0,7725,103572.0,124219.0,9080,109151.0,101163.0,111814.0,110612.0,107964.0,138780.0,103295.0,110107.0,108282.0,129142.0,122012.0,107449.0,107159.0,9501,106118.0,212982.0,102642.0,110856.0,8608,6362,210381.0,108018.0,205535.0,122003.0,7884,210514.0,106388.0,101106.0,155814.0,122555.0,162003.0,204310.0,116023.0,126894.0,106861.0,102080.0  -b 2018 -e 2019 -o new_release_part_1_13
sudo julia -p 7 fit_smiles.jl new_release_part_1_13
sudo julia -p 7 est_parameters.jl new_release_part_1_13
sudo rm data/raw_data/opt_data_new_release_part_1_13.csv
sudo rm data/raw_data/dist_data_new_release_part_1_13.csv
echo 'Done with group 13/84' >> tracking_file_new_release.txt

sudo python loading_data.py -s 127317.0,213315.0,5860,103448.0,5777,114643.0,110622.0,110274.0,9491,101465.0,121363.0,108408.0,111294.0,107394.0,102386.0,7439,128224.0,103021,142587.0,104532.0,102927.0,147702.0,134700.0,120157.0,9051,105903.0,108038.0,103377.0,126990.0,107537.0,8872,107745,151028.0,128651.0,100969.0,104194.0,140092.0,8371,108645.0,101213.0,112242.0,105387.0,107490.0,8291,108561.0,124647.0,125297.0,213835.0,134812.0,117626.0,106186.0,112062.0,105766.0,139442.0,110654,116298.0,5069.0,6194,8317,213176.0,9226,112249.0,137251.0,6153.0,106180,103628,115945.0,103034.0,119866.0,8880,205937.0,106273.0,106363.0,6645,161469.0,102968.0,181671.0,107474.0,129430.0,123737.0,110672,107739.0,121545.0,107112.0,113021.0,111829.0,212845.0,104821.0,193062.0,106330.0  -b 2018 -e 2019 -o new_release_part_1_14
sudo julia -p 7 fit_smiles.jl new_release_part_1_14
sudo julia -p 7 est_parameters.jl new_release_part_1_14
sudo rm data/raw_data/opt_data_new_release_part_1_14.csv
sudo rm data/raw_data/dist_data_new_release_part_1_14.csv
echo 'Done with group 14/84' >> tracking_file_new_release.txt

sudo python loading_data.py -s 156317.0,111898.0,106150,144665.0,101258.0,107630.0,151769.0,108571.0,108141.0,111680.0,128126.0,109039.0,103121,143128.0,7818,103966,128663.0,104415.0,6905.0,102343.0,106264.0,126891.0,6327.0,123608.0,104017.0,110389.0,103359.0,136197.0,125776.0,141954.0,6659,107004,6074,5384,104988.0,208245.0,108643.0,135175.0,148504.0,5928.0,101042.0,100987,5521,104274.0,135365.0,128225.0,128878.0,8729,119430.0,125049.0,103198.0,136300.0,105809.0,7408,103240.0,110098,211491.0,129195.0,8849.0,126954.0,5048,213077.0,108709.0,151020.0,104852.0,125614.0,105123.0,166722.0,7217,205460.0,109196,111191,7451,103369.0,5379,105621.0,113929.0,105656.0,128830.0,9259,110590.0,106240.0,106192.0,7739,204187.0,129143.0,5366,108519.0,107504.0,7198  -b 2018 -e 2019 -o new_release_part_1_15
sudo julia -p 7 fit_smiles.jl new_release_part_1_15
sudo julia -p 7 est_parameters.jl new_release_part_1_15
sudo rm data/raw_data/opt_data_new_release_part_1_15.csv
sudo rm data/raw_data/dist_data_new_release_part_1_15.csv
echo 'Done with group 15/84' >> tracking_file_new_release.txt

sudo python loading_data.py -s 106198.0,107410.0,110813.0,128211.0,106552.0,111102.0,154404.0,118350.0,107044.0,108225.0,110728,8820,8904.0,106215.0,155920.0,105226.0,137447.0,112294.0,213808.0,145750.0,108485.0,108550,134169.0,105606,117640.0,103187.0,104139,125202.0,112071.0,112253.0,6235,151848.0,110284.0,115186.0,129171.0,106949.0,142642.0,109745.0,123628.0,101410.0,111846.0,151427.0,137057.0,6002,7353,106808.0,111925.0,110959.0,103559.0,139177.0,129174.0,102694.0,110552.0,128741.0,112808.0,102246.0,5602,103216,109328.0,127468.0,8621,139765.0,111286.0,103921,5023,5894,125022.0,7955,145992.0,105204.0,154349.0,142901.0,128601.0,112671.0,101433.0,148300.0,107700,102889.0,123818.0,5831,103554.0,212758.0,111407.0,112877.0,135321.0,129678.0,116394,105251.0,129596.0,148111.0  -b 2018 -e 2019 -o new_release_part_1_16
sudo julia -p 7 fit_smiles.jl new_release_part_1_16
sudo julia -p 7 est_parameters.jl new_release_part_1_16
sudo rm data/raw_data/opt_data_new_release_part_1_16.csv
sudo rm data/raw_data/dist_data_new_release_part_1_16.csv
echo 'Done with group 16/84' >> tracking_file_new_release.txt

sudo python loading_data.py -s 213158.0,111800.0,5674,103522.0,112216.0,5704.0,101356.0,112590.0,107591.0,9117,127555.0,114702.0,155248.0,5748,8888,208563.0,104304,107002,110221.0,188921.0,103406.0,148132.0,208475.0,213874.0,105357.0,112312.0,105579.0,212125.0,111246.0,151266.0,111518,204205.0,119691.0,5684,126938.0,105153.0,107034.0,109339.0,109459.0,107082.0,155004.0,212166.0,102375.0,110348.0,125206.0,114226.0,104203.0,7444,212458.0,101025,102046.0,117089.0,110794.0,119843.0,8290,105635.0,129505.0,110434,207455.0,116531.0,107461.0,213634.0,112813.0,105947.0,135099.0,107837.0,116321.0,129425.0,101333.0,107010.0,189721.0,111758.0,8536,166373.0,162159.0,109777.0,105893.0,212837.0,147817.0,112040.0,103350.0,104820.0,148644.0,120693.0,133957.0,152162.0,112585.0,100892.0,138943.0,7260  -b 2018 -e 2019 -o new_release_part_1_17
sudo julia -p 7 fit_smiles.jl new_release_part_1_17
sudo julia -p 7 est_parameters.jl new_release_part_1_17
sudo rm data/raw_data/opt_data_new_release_part_1_17.csv
sudo rm data/raw_data/dist_data_new_release_part_1_17.csv
echo 'Done with group 17/84' >> tracking_file_new_release.txt

sudo python loading_data.py -s 127620.0,166338.0,5500,211455.0,103640.0,109774.0,111665.0,110911.0,107646.0,129759.0,114952,116059.0,9018,110811.0,142767.0,111151.0,102586.0,129873.0,154929.0,103879.0,109660.0,151738.0,108574.0,104443.0,105038.0,107957.0,111891.0,121945.0,102533.0,103041.0,110943.0,102762.0,101732.0,208029.0,8054,8807,108918.0,107519.0,109157,138407.0,111159.0,129570.0,112532.0,126691.0,101344.0,209982.0,5528,107108.0,138138.0,106094.0,114266.0,104603.0,104160.0,204368.0,113444.0,5289,103339.0,108259.0,114638.0,188537.0,9000.0,154319.0,207751.0,108498.0,104153.0,108703.0,108403.0,115877.0,154585.0,144242.0,7404,112941.0,101932.0,105136.0,6798,154815.0,116317.0,106390.0,107636,110442.0,103892.0,112454.0,103223.0,213973.0,189790.0,105726.0,212405.0,109033.0,205457.0,102404.0  -b 2018 -e 2019 -o new_release_part_1_18
sudo julia -p 7 fit_smiles.jl new_release_part_1_18
sudo julia -p 7 est_parameters.jl new_release_part_1_18
sudo rm data/raw_data/opt_data_new_release_part_1_18.csv
sudo rm data/raw_data/dist_data_new_release_part_1_18.csv
echo 'Done with group 18/84' >> tracking_file_new_release.txt

sudo python loading_data.py -s 111083.0,213806.0,134264.0,134687.0,105559.0,144653.0,5111,106236.0,100952.0,8965,103908.0,108508.0,106282.0,108460.0,154984.0,146261.0,108399.0,115931.0,116948.0,121546.0,9517.0,135237.0,189168.0,103861.0,124867.0,107555.0,127074.0,112205.0,125182.0,114230.0,208499.0,108600.0,105985.0,8428,134823.0,5859,6860,114526.0,145538.0,110774.0,108905.0,115881.0,101374.0,106719.0,104938,105333.0,115655.0,207457.0,112132.0,102813.0,213784.0,205962.0,8855,213575.0,106510.0,213671.0,110400.0,151433.0,109340.0,105284,107462.0,108998.0,129691.0,103395.0,109933.0,128271.0,108933.0,125442.0,111477.0,8741,102965.0,210612.0,106532,103836.0,8313.0,103509.0,111564.0,138505.0,106362.0,120071.0,115152.0,106923.0,102772.0,123998.0,105328.0,138785.0,6012,127170.0,104779.0,196076.0  -b 2018 -e 2019 -o new_release_part_1_19
sudo julia -p 7 fit_smiles.jl new_release_part_1_19
sudo julia -p 7 est_parameters.jl new_release_part_1_19
sudo rm data/raw_data/opt_data_new_release_part_1_19.csv
sudo rm data/raw_data/dist_data_new_release_part_1_19.csv
echo 'Done with group 19/84' >> tracking_file_new_release.txt

sudo python loading_data.py -s 121343.0,134015.0,108555.0,134252.0,123090.0,161983.0,102187.0,212408.0,213573.0,103783.0,124763.0,9190,6033,112746.0,107550.0,105163.0,138139.0,129679.0,128098.0,103577.0,106152,122433.0,152819.0,8613,102946.0,108090.0,111794.0,9310,108788.0,8701,105217,114010.0,7416.0,108974.0,111581.0,135524.0,204289.0,154956.0,131347.0,110506.0,6261.0,134908.0,101267.0,122670.0,8794,108226.0,105660.0,206650.0,212141.0,113734,139488.0,7140,124084.0,112993.0,5804,104612.0,109955.0,106157.0,106845.0,213301.0,7798.0,212535.0,105084.0,107643.0,122333.0,110424.0,104844,188930.0,151976.0,103669.0,105132.0,147352.0,128965.0,125288.0,108839.0,124715.0,103456.0,122758.0,5419.0,111958.0,121386.0,111051,103674.0,203277.0,140541.0,137691.0,104814.0,116393.0,125633.0,102130.0  -b 2018 -e 2019 -o new_release_part_1_20
sudo julia -p 7 fit_smiles.jl new_release_part_1_20
sudo julia -p 7 est_parameters.jl new_release_part_1_20
sudo rm data/raw_data/opt_data_new_release_part_1_20.csv
sudo rm data/raw_data/dist_data_new_release_part_1_20.csv
echo 'Done with group 20/84' >> tracking_file_new_release.txt

sudo python loading_data.py -s 106528.0,112797.0,135391.0,119862.0,101591,103670.0,105295.0,112288.0,112267.0,107395.0,104120.0,114654.0,101026.0,124831.0,112467.0,105410.0,101398.0,103068.0,109845.0,102406.0,101624.0,107843.0,137709.0,211623.0,102270.0,107506.0,9139,128024.0,128631.0,108321.0,112057.0,125577.0,148427.0,154609.0,166814.0,121505.0,103089.0,121393.0,126668.0,102545.0,133925.0,134253.0,107179.0,5708,6513.0,8034,139686.0,129363.0,8469,208486.0,105932.0,121821.0,146290.0,112966.0,107386.0,5529,7957,108199.0,105359.0,119440.0,104183,124217.0,112880.0,104670.0,105216.0,123626.0,106243.0,111575.0,123377.0,104985.0,5415,105330.0,129404.0,107005.0,106125.0,127454.0,101714.0,143626.0,6289,5616,120109.0,125277.0,166586.0,8784,110373,206011.0,116049.0,110723.0,147265.0,124239.0  -b 2018 -e 2019 -o new_release_part_1_21
sudo julia -p 7 fit_smiles.jl new_release_part_1_21
sudo julia -p 7 est_parameters.jl new_release_part_1_21
sudo rm data/raw_data/opt_data_new_release_part_1_21.csv
sudo rm data/raw_data/dist_data_new_release_part_1_21.csv
echo 'Done with group 21/84' >> tracking_file_new_release.txt

sudo python loading_data.py -s 189575.0,139500.0,101331.0,205076.0,102050.0,137659.0,109231,102273.0,103787.0,111570.0,104973.0,125274.0,106090.0,112414.0,127556.0,103863.0,7206,107144.0,7758,5770.0,109691.0,156318.0,138495.0,111933.0,102392.0,105489.0,111201,6431.0,101858,133892.0,108487.0,8245,100923.0,137247.0,204761.0,129054.0,138768.0,113219.0,6234,5332.0,105116.0,9271,129825.0,111133.0,135494.0,126993.0,101418.0,116447.0,203574.0,127441.0,109017.0,166317.0,108496.0,129535.0,8030.0,102290.0,111016.0,155159.0,8396,148603.0,109174.0,110420.0,147589.0,8797.0,121706.0,211494.0,101432.0,135349.0,210770.0,148076.0,102120.0,109958.0,109175,161349.0,110030.0,129406.0,133529.0,166469.0,112339.0,101397.0,102866.0,122002.0,122025.0,155308.0,110078.0,212839.0,114263.0,134776.0,106988.0,133977.0  -b 2018 -e 2019 -o new_release_part_1_22
sudo julia -p 7 fit_smiles.jl new_release_part_1_22
sudo julia -p 7 est_parameters.jl new_release_part_1_22
sudo rm data/raw_data/opt_data_new_release_part_1_22.csv
sudo rm data/raw_data/dist_data_new_release_part_1_22.csv
echo 'Done with group 22/84' >> tracking_file_new_release.txt

sudo python loading_data.py -s 5063.0,108134.0,101717.0,113428.0,115439.0,106642.0,101979.0,204217.0,102619.0,109934.0,8940,112152.0,208478.0,8911,6774,107367.0,102126.0,204710.0,213809.0,102507.0,124209.0,123785.0,138490.0,9301,133873.0,102759.0,210226.0,104663.0,101924.0,110057.0,108739.0,106839.0,139980.0,103801.0,100884.0,106625.0,108124.0,117670.0,124992.0,125272.0,112884.0,105066.0,126265.0,143606.0,114300.0,161342.0,101597.0,111299.0,113011.0,6460,109254,121532.0,104535,5349,105643.0,134422.0,154636.0,109337.0,134889.0,117004.0,6000,101707.0,112598.0,150744.0,147360.0,6531.0,103080.0,7455,105897.0,107939.0,105099.0,103698.0,102141.0,104706.0,129067.0,107215.0,103342.0,212794.0,101819.0,138457.0,102573.0,109279.0,106954,115936.0,8705,111985.0,110850.0,105503.0,108360.0,139230.0  -b 2018 -e 2019 -o new_release_part_1_23
sudo julia -p 7 fit_smiles.jl new_release_part_1_23
sudo julia -p 7 est_parameters.jl new_release_part_1_23
sudo rm data/raw_data/opt_data_new_release_part_1_23.csv
sudo rm data/raw_data/dist_data_new_release_part_1_23.csv
echo 'Done with group 23/84' >> tracking_file_new_release.txt

sudo python loading_data.py -s 135353.0,7627,139478.0,107204.0,112930.0,114020.0,210402.0,144367.0,118386.0,112452.0,188931.0,125311.0,104404.0,111136.0,117663.0,111047.0,205627.0,127704.0,104723.0,101857.0,209655.0,108451.0,106054.0,104815.0,9069,110483,107001.0,105334.0,209327.0,110162.0,213987.0,102575.0,100976.0,103403.0,109823.0,109091.0,6132,166732.0,102298.0,207747.0,121760.0,5146,100957.0,8411,102823.0,104492.0,109655.0,9473,100862.0,112084.0,211977.0,147685.0,108973.0,113482.0,141137.0,109877.0,128928.0,7325.0,146358.0,125039.0,101146.0,115421.0,129059.0,102174.0,106910.0,106301.0,110720.0,109259.0,202952.0,129709.0,101722.0,123530.0,211213.0,134787.0,105622.0,6873,115324.0,106602.0,142519.0,6044,207430.0,105749.0,109169.0,139276.0,5874.0,123939.0,115150.0,111493.0,115429.0,139107.0  -b 2018 -e 2019 -o new_release_part_1_24
sudo julia -p 7 fit_smiles.jl new_release_part_1_24
sudo julia -p 7 est_parameters.jl new_release_part_1_24
sudo rm data/raw_data/opt_data_new_release_part_1_24.csv
sudo rm data/raw_data/dist_data_new_release_part_1_24.csv
echo 'Done with group 24/84' >> tracking_file_new_release.txt

sudo python loading_data.py -s 103370.0,128076.0,204404.0,8445,101346.0,112440.0,127736.0,109230.0,116306.0,110003.0,108173.0,154304.0,109464.0,104887.0,105600.0,121795.0,105729.0,8571,101728.0,121563.0,155257.0,146251.0,207006.0,5385,104308.0,7410,110041.0,107604.0,5163,104856.0,101363,110771.0,5335,110768.0,121750.0,112593.0,134737.0,138518.0,108560,5678,205741.0,154955.0,106624.0,104580,107098.0,103933.0,116405.0,111239.0,5076,125293.0,103711.0,203204.0,111909.0,211749.0,115450.0,206050.0,5904,210401.0,105931.0,116776.0,103013.0,142802.0,137666.0,8985.0,121536.0,142531.0,8013.0,104350.0,114732.0,103695.0,129181.0,119872.0,107893.0,108578.0,162290.0,111974.0,106917.0,140433.0,112464.0,102685.0,106738.0,105304.0,105829.0,9332.0,103961,5882,125498.0,209484.0,138629.0,107766.0  -b 2018 -e 2019 -o new_release_part_1_25
sudo julia -p 7 fit_smiles.jl new_release_part_1_25
sudo julia -p 7 est_parameters.jl new_release_part_1_25
sudo rm data/raw_data/opt_data_new_release_part_1_25.csv
sudo rm data/raw_data/dist_data_new_release_part_1_25.csv
echo 'Done with group 25/84' >> tracking_file_new_release.txt

sudo python loading_data.py -s 211550.0,206052.0,9404,109295.0,121403.0,113979.0,137646.0,136340.0,161075.0,166386.0,128952.0,8697,161032.0,125502.0,5828,143109.0,103858.0,6188.0,111024.0,6505.0,104879.0,101694.0,125123.0,107023.0,106779.0,116032.0,8763.0,103225.0,111238.0,6966.0,107045.0,209392.0,112620.0,129775.0,111915.0,108969.0,109441.0,105237.0,128253.0,110980.0,126895.0,110510.0,103063.0,6493.0,207444.0,102269.0,116559.0,104609.0,110610.0,107949.0,109037,103199.0,124223.0,7143,108649.0,104929.0,139845.0,107627.0,103639.0,204766.0,109100.0,8910.0,102026.0,120561.0,111249,108534,114254.0,107484.0,112209.0,121581.0,112172.0,135078.0,115170.0,8121,104373.0,129105.0,106034.0,145984.0,123101.0,106637.0,155251.0,5310,9475,138801.0,134759.0,145891.0,121999.0,133908.0,129494.0,103451.0  -b 2018 -e 2019 -o new_release_part_1_26
sudo julia -p 7 fit_smiles.jl new_release_part_1_26
sudo julia -p 7 est_parameters.jl new_release_part_1_26
sudo rm data/raw_data/opt_data_new_release_part_1_26.csv
sudo rm data/raw_data/dist_data_new_release_part_1_26.csv
echo 'Done with group 26/84' >> tracking_file_new_release.txt

sudo python loading_data.py -s 101437.0,122487.0,110127.0,109913.0,102322.0,116495.0,5438,109799.0,124374.0,206190.0,105026,6850,103677.0,207216.0,121537.0,188939.0,103900.0,103086.0,103194.0,137701.0,102801.0,5380,127701.0,111836.0,101594.0,129423.0,7116,138537.0,109435.0,108728.0,129418.0,103854.0,101206.0,145708.0,111797.0,105337.0,145874.0,112408.0,104254,104605.0,207471.0,8631,110793.0,7748,154945.0,114516.0,127137.0,108610.0,101290,100951.0,105851.0,101033,112510.0,5414,108179.0,102891.0,213733.0,111039.0,161291.0,111567.0,155160.0,105130.0,112931.0,151027.0,109023.0,7815,211498.0,5325.0,107984.0,110432,211243.0,106350,205707.0,106929,204490.0,105319.0,119279.0,104376.0,103906.0,140426.0,106276.0,6817,110134,110987,109143.0,129598.0,162030.0,107824,119867.0,105934.0  -b 2018 -e 2019 -o new_release_part_1_27
sudo julia -p 7 fit_smiles.jl new_release_part_1_27
sudo julia -p 7 est_parameters.jl new_release_part_1_27
sudo rm data/raw_data/opt_data_new_release_part_1_27.csv
sudo rm data/raw_data/dist_data_new_release_part_1_27.csv
echo 'Done with group 27/84' >> tracking_file_new_release.txt

sudo python loading_data.py -s 154123.0,9103.0,101630.0,109395.0,105395.0,112379.0,123075.0,104637.0,100949.0,103673.0,7918,109725.0,139265.0,147888.0,106511.0,127194.0,124212.0,116809.0,129555.0,105212.0,105587.0,150921.0,104948.0,107655,128550.0,8528,125445.0,125017.0,113166.0,108089.0,210279.0,116363.0,113023.0,105948,121954.0,6242.0,107564.0,112631.0,6630,104669.0,122058.0,208551.0,112622.0,105686.0,7380,155437.0,111538.0,115392.0,134207.0,103494.0,114556.0,101250.0,125630.0,108371.0,106970.0,103185.0,104923.0,109066.0,104392.0,204182.0,107228.0,103751.0,104435.0,208101.0,101883.0,212778.0,6779,111628.0,205743.0,210329.0,102919.0,103392,104166.0,105182.0,108798.0,6110.0,110797.0,103606.0,103400.0,107423.0,102969.0,115486.0,9169.0,107981.0,105236.0,7390,134046.0,106524.0,129147.0,142956.0  -b 2018 -e 2019 -o new_release_part_1_28
sudo julia -p 7 fit_smiles.jl new_release_part_1_28
sudo julia -p 7 est_parameters.jl new_release_part_1_28
sudo rm data/raw_data/opt_data_new_release_part_1_28.csv
sudo rm data/raw_data/dist_data_new_release_part_1_28.csv
echo 'Done with group 28/84' >> tracking_file_new_release.txt

sudo python loading_data.py -s 109114.0,6281.0,113140.0,109685.0,104213.0,162153.0,8934,117293.0,102377.0,111442.0,155246.0,112283.0,134246.0,7447,112940.0,104543,108549.0,139132.0,128770.0,109220,103831.0,106704.0,8183,155211.0,101399.0,101402.0,127129.0,109428.0,111893.0,139864.0,111284.0,212674.0,7342.0,111541,148511.0,107175.0,104719.0,102501.0,103237.0,105420.0,105246.0,8636,210406.0,208220.0,109472.0,108447.0,115387.0,127463.0,110846.0,5112.0,6246.0,212703.0,103038.0,124197.0,209756.0,5907,152807.0,191057.0,127158.0,140423.0,121762.0,154876.0,205908.0,112645.0,135116.0,208476.0,112791.0,129398.0,117646.0,135463.0,104586,101765.0,9431,104742.0,7617,5587,143759.0,113188.0,112296.0,209778.0,205087.0,8756,139506.0,109696,203563.0,135480.0,110217,146082.0,112805.0,110072.0  -b 2018 -e 2019 -o new_release_part_1_29
sudo julia -p 7 fit_smiles.jl new_release_part_1_29
sudo julia -p 7 est_parameters.jl new_release_part_1_29
sudo rm data/raw_data/opt_data_new_release_part_1_29.csv
sudo rm data/raw_data/dist_data_new_release_part_1_29.csv
echo 'Done with group 29/84' >> tracking_file_new_release.txt

sudo python loading_data.py -s 6384.0,145751.0,109858,204010.0,125532.0,112867.0,205673.0,110700.0,148404.0,138349.0,121767.0,8085,103147.0,110773.0,105137.0,124264.0,204022.0,8483,148012.0,6141.0,207507.0,123327.0,138445.0,108716.0,107238.0,9032.0,109277.0,5478,112246.0,6990.0,109585,100988.0,5719,154341.0,115050.0,109098.0,138797.0,8442,108632.0,134202.0,121740.0,112138,103912.0,105229.0,112482.0,7621.0,102138.0,111275.0,124998.0,5276,7294,116412.0,106841,135337.0,7178.0,213500.0,123717.0,213673.0,107050.0,6949,122754.0,108644.0,115161.0,108374.0,105140.0,127544.0,6243,124730.0,8402.0,101065.0,139454.0,103061.0,8523,129119.0,210477.0,129121.0,118983.0,125473.0,111144.0,211434.0,121219.0,203491.0,104907.0,211489.0,102883.0,106179.0,8650,105609.0,135295.0,125634.0  -b 2018 -e 2019 -o new_release_part_1_30
sudo julia -p 7 fit_smiles.jl new_release_part_1_30
sudo julia -p 7 est_parameters.jl new_release_part_1_30
sudo rm data/raw_data/opt_data_new_release_part_1_30.csv
sudo rm data/raw_data/dist_data_new_release_part_1_30.csv
echo 'Done with group 30/84' >> tracking_file_new_release.txt

sudo python loading_data.py -s 105002,105957.0,111774.0,123706.0,127446.0,103958.0,111473.0,129130.0,112211.0,117007.0,116798.0,135317.0,5269,207034.0,8632.0,112693.0,213667.0,9191.0,113471.0,129179.0,105854.0,213969.0,113213.0,6909,109746.0,112234.0,125201.0,110109.0,106050.0,103192.0,104678.0,152874.0,135385.0,103028.0,146348.0,107668.0,134817.0,205667.0,122342.0,103408.0,112550.0,6328,111960.0,145972.0,109912.0,209603.0,166857.0,115482.0,110677.0,101834.0,120696.0,5246.0,108787.0,134724.0,206801.0,6637,148398.0,103202.0,104049.0,116061.0,107657.0,110257.0,116415.0,144534.0,111211,7771,189670.0,213123.0,101726.0,8091,137517.0,155139.0,111712.0,125248.0,101034.0,112226.0,154895.0,125571.0,105403.0,105732.0,107768.0,107526,107051.0,127541.0,111265.0,111821.0,8086,104726.0,112798.0,108909  -b 2018 -e 2019 -o new_release_part_1_31
sudo julia -p 7 fit_smiles.jl new_release_part_1_31
sudo julia -p 7 est_parameters.jl new_release_part_1_31
sudo rm data/raw_data/opt_data_new_release_part_1_31.csv
sudo rm data/raw_data/dist_data_new_release_part_1_31.csv
echo 'Done with group 31/84' >> tracking_file_new_release.txt

sudo python loading_data.py -s 108336.0,125444.0,204400.0,134586.0,104377.0,108861.0,120947.0,116527.0,122122.0,102313.0,5556.0,135396.0,135079.0,101203.0,5872,189964.0,138086.0,129431.0,7421,147889.0,112127.0,116476.0,114264.0,205045.0,110756.0,104839.0,106527.0,107517.0,104710.0,8620,114615.0,104573.0,5260,213504.0,101739,188526.0,8242.0,7550.0,116580.0,5372,107469.0,102940.0,116536.0,139601.0,160598.0,109772.0,203878.0,129652.0,100898.0,127522.0,145683.0,125121.0,7603,139731.0,6770,105765.0,143749.0,109239.0,212009.0,107158.0,125207.0,128816.0,102583.0,105666.0,8703,111709.0,111156.0,151728.0,7338,111354.0,100909.0,139720.0,105744.0,103287.0,7590,135024.0,105804.0,148154.0,152389.0,102647.0,102640.0,120454.0,8942,108463.0,213824.0,127321.0,102472.0,5138,5539,111468.0  -b 2018 -e 2019 -o new_release_part_1_32
sudo julia -p 7 fit_smiles.jl new_release_part_1_32
sudo julia -p 7 est_parameters.jl new_release_part_1_32
sudo rm data/raw_data/opt_data_new_release_part_1_32.csv
sudo rm data/raw_data/dist_data_new_release_part_1_32.csv
echo 'Done with group 32/84' >> tracking_file_new_release.txt

sudo python loading_data.py -s 109055.0,107467.0,204495.0,116385.0,143735.0,108434.0,105554.0,105238.0,213272.0,206043.0,107559.0,8103.0,109252.0,113435.0,137473.0,212038.0,213822.0,111749.0,114874.0,139477.0,113032.0,8541,155115.0,8229,102857.0,107029.0,106916.0,101990.0,105024,106672.0,108161.0,7885,101017.0,7864.0,109198.0,109449.0,107649.0,135151.0,8969.0,142985.0,153937.0,100970.0,104541.0,205994.0,108470.0,107326,107321.0,105876.0,102040.0,102598.0,102305.0,106612.0,109219.0,8548,126663.0,106114.0,110807.0,103706.0,112817.0,112604.0,5652.0,128826.0,114611.0,104950.0,115254.0,154102.0,7478,147919.0,7059.0,119880.0,143026.0,134669.0,106606.0,213904.0,144550.0,102952.0,111553.0,127570.0,8295,101991.0,104581.0,129841.0,114639.0,103548.0,6077,135410.0,125766.0,102821.0,7117.0,134560.0  -b 2018 -e 2019 -o new_release_part_1_33
sudo julia -p 7 fit_smiles.jl new_release_part_1_33
sudo julia -p 7 est_parameters.jl new_release_part_1_33
sudo rm data/raw_data/opt_data_new_release_part_1_33.csv
sudo rm data/raw_data/dist_data_new_release_part_1_33.csv
echo 'Done with group 33/84' >> tracking_file_new_release.txt

sudo python loading_data.py -s 145935.0,108121.0,114235.0,106538,102971.0,204715.0,110988,9474,139024.0,105596.0,103592.0,108673.0,207293.0,211302.0,128072.0,166313.0,113103.0,126927.0,101902,210780.0,103042.0,103902.0,104039.0,108058.0,8455,114658.0,101292.0,136302.0,107341.0,111992.0,107300.0,207448.0,107161.0,110920.0,122635.0,108383,111418,105891.0,111857.0,211696.0,105290.0,7512,110188.0,108373,151380.0,7371,103928.0,8271,104191.0,207447.0,101350.0,134898.0,154974.0,100978.0,105188.0,134257.0,117452.0,129263.0,106036.0,105706.0,5878,137679.0,112563.0,5715,126748.0,101299,137558.0,113358.0,106930.0,9248,108166.0,106232,109542.0,107637.0,101964,113649.0,110368.0,208380.0,116597.0,212677.0,105848.0,7763.0,116259.0,101008.0,108186.0,104865.0,112357.0,114252.0,104287.0,125040.0  -b 2018 -e 2019 -o new_release_part_1_34
sudo julia -p 7 fit_smiles.jl new_release_part_1_34
sudo julia -p 7 est_parameters.jl new_release_part_1_34
sudo rm data/raw_data/opt_data_new_release_part_1_34.csv
sudo rm data/raw_data/dist_data_new_release_part_1_34.csv
echo 'Done with group 34/84' >> tracking_file_new_release.txt

sudo python loading_data.py -s 108235.0,138928.0,144520.0,108505.0,112257.0,125141.0,107848.0,109940.0,110056.0,100962.0,208321.0,135342.0,107210.0,205454.0,7927,203136.0,103431.0,189705.0,102633.0,211693.0,100984.0,148025.0,139590.0,123089.0,121586.0,124984.0,124904.0,120942.0,122011.0,5792,6075,206007.0,104349.0,5083,121933.0,121548.0,101915.0,188671.0,113085.0,6479,213846.0,112687.0,107313.0,102390.0,109275,124329.0,147867.0,5016,6831,136320.0,111331.0,112326.0,213572.0,106512.0,152808.0,109790.0,110464.0,211295.0,124438.0,125561.0,107497,143441.0,113475.0,8005,137258.0,112664.0,104936.0,101772.0,161451.0,5520,212063.0,7611,6268,137651.0,5218,109126.0,105015.0,7861.0,117094.0,7869.0,5007.0,103641.0,213902.0,127685.0,5270,106191.0,133949.0,135245.0,111669.0,106508.0  -b 2018 -e 2019 -o new_release_part_1_35
sudo julia -p 7 fit_smiles.jl new_release_part_1_35
sudo julia -p 7 est_parameters.jl new_release_part_1_35
sudo rm data/raw_data/opt_data_new_release_part_1_35.csv
sudo rm data/raw_data/dist_data_new_release_part_1_35.csv
echo 'Done with group 35/84' >> tracking_file_new_release.txt

sudo python loading_data.py -s 128757.0,127003.0,103165.0,140561.0,101159.0,127729.0,124954.0,105376.0,102086.0,103992.0,129378.0,106103.0,125475.0,105636.0,102372.0,106745.0,6725,109633,101596.0,213218.0,204752.0,5493,9429,111981.0,8092,134647.0,111035.0,7519,128912.0,134879.0,111455.0,116365.0,110211.0,101512.0,207414.0,7482,104311.0,111376.0,213159.0,116548.0,106927.0,150003.0,116064.0,6571.0,113987.0,213108.0,204793.0,107019.0,111075.0,213078.0,103528.0,102247.0,7792,111080.0,7343.0,112588.0,104021.0,103224.0,213429.0,101168.0,7186.0,105978,103335,127320.0,103931.0,8440,110237.0,111885.0,101367.0,110594,103683.0,105772.0,7719,103261.0,106682.0,106851.0,105309.0,142954.0,203135.0,124978.0,140087.0,107528.0,109038.0,123326.0,207030.0,152462.0,104933.0,112428.0,108756.0,113434.0  -b 2018 -e 2019 -o new_release_part_1_36
sudo julia -p 7 fit_smiles.jl new_release_part_1_36
sudo julia -p 7 est_parameters.jl new_release_part_1_36
sudo rm data/raw_data/opt_data_new_release_part_1_36.csv
sudo rm data/raw_data/dist_data_new_release_part_1_36.csv
echo 'Done with group 36/84' >> tracking_file_new_release.txt

sudo python loading_data.py -s 116358.0,147914.0,104326.0,6345.0,108794.0,6088,7081.0,5205,142961.0,112422.0,9323,116514.0,121535.0,103355.0,5666,105030.0,5973,5265,7840,8407.0,101050.0,7542,116440.0,6173,8596,189903.0,103890.0,125211.0,105296,162293.0,124652.0,113121.0,208293.0,129553.0,161973.0,123688.0,107813.0,6004.0,145987.0,134042.0,111963.0,156331.0,116999.0,112961.0,5277,209482.0,106902.0,139699.0,210498.0,7969,102072.0,101521.0,135145.0,101712.0,112560.0,107999.0,140014.0,112514.0,7566.0,104439.0,101117.0,211752.0,6542,108213.0,206088.0,155237.0,106255,124762.0,152307.0,103316,104215,9096,189345.0,112617.0,128014.0,103302,104425.0,213788.0,5746,105277.0,108443.0,101070.0,204468.0,142611.0,152491.0,103282,116199.0,116805.0,119444.0,135269.0  -b 2018 -e 2019 -o new_release_part_1_37
sudo julia -p 7 fit_smiles.jl new_release_part_1_37
sudo julia -p 7 est_parameters.jl new_release_part_1_37
sudo rm data/raw_data/opt_data_new_release_part_1_37.csv
sudo rm data/raw_data/dist_data_new_release_part_1_37.csv
echo 'Done with group 37/84' >> tracking_file_new_release.txt

sudo python loading_data.py -s 6258,106581.0,101809.0,128030.0,137355.0,161348.0,128065.0,114273.0,110968.0,101040.0,212721.0,106553.0,107301.0,120324.0,109046,116828.0,122563.0,110490.0,6538,135298.0,103820.0,8373,107407.0,108862.0,103326.0,109491.0,142838.0,103221.0,139264.0,125973.0,129062.0,113928.0,108512.0,101177.0,105259.0,107022.0,105121,117102.0,5624,5963,104864.0,204482.0,105203.0,213070.0,105405.0,6072.0,106904,139692.0,129120.0,116025.0,6034,125593.0,106369.0,109396.0,126961.0,104718.0,138507.0,113945.0,6402.0,105568.0,8061.0,110962.0,113752.0,106574.0,151827.0,123531.0,108992.0,108941.0,101753.0,106673.0,106308.0,121782.0,110185.0,134140.0,8957.0,110816.0,104335.0,134587.0,117634.0,101369.0,129205.0,109829,101289.0,105169.0,114524.0,206646.0,116455.0,109818.0,213043.0,7924.0  -b 2018 -e 2019 -o new_release_part_1_38
sudo julia -p 7 fit_smiles.jl new_release_part_1_38
sudo julia -p 7 est_parameters.jl new_release_part_1_38
sudo rm data/raw_data/opt_data_new_release_part_1_38.csv
sudo rm data/raw_data/dist_data_new_release_part_1_38.csv
echo 'Done with group 38/84' >> tracking_file_new_release.txt

sudo python loading_data.py -s 107128.0,117421.0,125516.0,113048.0,128940.0,113423.0,109565.0,9027.0,213456.0,113721.0,111881.0,5496,188688.0,105040.0,129284.0,209390.0,102204.0,135062.0,189723.0,213728.0,109970.0,7163.0,6285,134690.0,9265,8737,6902.0,106978,111486.0,9130,103856.0,101276.0,6683,108859.0,106712,106958,111388.0,115025.0,109775.0,136318.0,105384.0,137166.0,210308.0,107569.0,107516.0,109246.0,162037.0,102537.0,124932.0,117804.0,103164.0,105020.0,211316.0,128215.0,8391,105076,103296.0,101195.0,203566.0,111103.0,109343.0,120450.0,126780.0,107274.0,102780.0,110139.0,8356,127151.0,9002,109360,6804,110511.0,104560.0,129554.0,137470.0,103666.0,111872.0,134702.0,147530.0,150218.0,8434,129386.0,110179.0,107375.0,127619.0,102859.0,6586,135029.0,128515.0,104925.0  -b 2018 -e 2019 -o new_release_part_1_39
sudo julia -p 7 fit_smiles.jl new_release_part_1_39
sudo julia -p 7 est_parameters.jl new_release_part_1_39
sudo rm data/raw_data/opt_data_new_release_part_1_39.csv
sudo rm data/raw_data/dist_data_new_release_part_1_39.csv
echo 'Done with group 39/84' >> tracking_file_new_release.txt

sudo python loading_data.py -s 212207.0,111864.0,110713.0,213260.0,5161.0,134223.0,106840.0,112301.0,111462.0,9278.0,7511,129534.0,102955.0,110634.0,211490.0,117434.0,129832.0,116572.0,102729.0,103895.0,107290.0,108617.0,144671.0,213553.0,101590.0,189901.0,108147.0,110092.0,109792.0,105170.0,107332.0,143015.0,129349.0,162207.0,6170,112153.0,115204.0,110588.0,108418.0,105684,6068,111007.0,106016.0,109285.0,7977.0,107018.0,138616.0,112483,109921.0,104370.0,113020.0,112567.0,9081.0,116386.0,107904.0,7871,106082.0,106522.0,204183.0,113074.0,103404.0,110902.0,125862.0,116801.0,108424.0,103251.0,113746.0,129283.0,6397,121794.0,111479.0,111210.0,7710.0,147361.0,111630.0,121513.0,111200,139600.0,5954.0,211497.0,6066,109116.0,116403.0,115129.0,110949.0,105738.0,7508,106095.0,111499.0,128648.0  -b 2018 -e 2019 -o new_release_part_1_40
sudo julia -p 7 fit_smiles.jl new_release_part_1_40
sudo julia -p 7 est_parameters.jl new_release_part_1_40
sudo rm data/raw_data/opt_data_new_release_part_1_40.csv
sudo rm data/raw_data/dist_data_new_release_part_1_40.csv
echo 'Done with group 40/84' >> tracking_file_new_release.txt

sudo python loading_data.py -s 189756.0,127438.0,101366.0,112161.0,112131.0,6646.0,112745,5767.0,8839.0,8951,110378.0,112212.0,102613.0,110449.0,105287.0,129559.0,104522.0,151261.0,127465.0,151464.0,8083.0,115986.0,8303,5021.0,204030.0,103232.0,111221.0,124235.0,110894.0,103601.0,124166.0,8566,109779.0,8323,125513.0,107437.0,139054.0,110438.0,105345.0,106533.0,110117.0,139327.0,8944,101558.0,155098.0,188623.0,112471.0,101306,142517.0,8887.0,140753.0,125736.0,8682,102259.0,111356.0,122765.0,105400.0,138685.0,203476.0,189350.0,109121.0,138621.0,127434.0,143751.0,6884,162127.0,110877.0,102737.0,120056.0,213890.0,206338.0,110322.0,121600.0,122562.0,124221.0,136290.0,8380,205044.0,101460.0,154963.0,207501.0,144232.0,147534.0,102741.0,106955.0,145720.0,110953,107101,104791.0,111517.0  -b 2018 -e 2019 -o new_release_part_1_41
sudo julia -p 7 fit_smiles.jl new_release_part_1_41
sudo julia -p 7 est_parameters.jl new_release_part_1_41
sudo rm data/raw_data/opt_data_new_release_part_1_41.csv
sudo rm data/raw_data/dist_data_new_release_part_1_41.csv
echo 'Done with group 41/84' >> tracking_file_new_release.txt

sudo python loading_data.py -s 109609.0,105787,107396.0,8073,203567.0,138741.0,5951,144649.0,9446,128250.0,120075.0,129043.0,6570,105274.0,109886.0,115941.0,125505.0,213642.0,213731.0,116396.0,120949.0,102941.0,189216.0,101963.0,112656.0,109161.0,6113,154520.0,114869.0,138926.0,102763.0,126889.0,6816,101023.0,102044,110208.0,111914.0,112455.0,109247.0,109854.0,126677.0,8643,133951.0,101105.0,135133.0,111642.0,129126.0,8672,105104.0,103333.0,105025.0,154122.0,189786.0,129630.0,114269.0,105470,101998.0,8289,123725.0,125523.0,110052.0,6595.0,161018.0,101359.0,109085,128257.0,102851.0,5097,112829.0,119894.0,110966.0,109274.0,155212.0,107628.0,101635.0,5510,142792.0,213142.0,117808.0,211899.0,107968.0,5839,9208,8000,8309.0,102085.0,106201.0,107247.0,124152.0,107965.0  -b 2018 -e 2019 -o new_release_part_1_42
sudo julia -p 7 fit_smiles.jl new_release_part_1_42
sudo julia -p 7 est_parameters.jl new_release_part_1_42
sudo rm data/raw_data/opt_data_new_release_part_1_42.csv
sudo rm data/raw_data/dist_data_new_release_part_1_42.csv
echo 'Done with group 42/84' >> tracking_file_new_release.txt

sudo python loading_data.py -s 102989.0,211721.0,210258.0,135131.0,209842.0,213451.0,105457.0,116504.0,107589.0,111127.0,105813,105604.0,7883,8164,104559.0,110459.0,5243,126655.0,124714.0,108991.0,110824.0,105199.0,140409.0,207330.0,105411.0,121203.0,105244.0,102705.0,5858,122576.0,161543.0,111250.0,101142.0,105071.0,138711.0,133994.0,112100.0,133931.0,107009.0,152890.0,110423.0,5999,108007.0,8612,116397.0,148494.0,110790.0,6723,103907.0,112768.0,8275.0,128974.0,8258,9121,116442.0,104241.0,111574.0,112450.0,109606.0,137537.0,9091.0,138326.0,109624.0,138446.0,7395,112009.0,112397.0,102630.0,140509.0,161450.0,105127.0,162010.0,102302.0,103731.0,108687.0,110021.0,102002.0,213030.0,104918.0,102959.0,121549.0,135496.0,7715,115423.0,107427.0,6201,108609.0,104571.0,8162,110393  -b 2018 -e 2019 -o new_release_part_1_43
sudo julia -p 7 fit_smiles.jl new_release_part_1_43
sudo julia -p 7 est_parameters.jl new_release_part_1_43
sudo rm data/raw_data/opt_data_new_release_part_1_43.csv
sudo rm data/raw_data/dist_data_new_release_part_1_43.csv
echo 'Done with group 43/84' >> tracking_file_new_release.txt

sudo python loading_data.py -s 109755.0,109084.0,105109.0,105339.0,116782.0,122428.0,7335,109168.0,6878.0,123095.0,101567.0,125452.0,205040.0,7819,134016.0,108218.0,139657.0,143067.0,121595.0,8534,110210.0,110440.0,166364.0,112079.0,148587.0,121584.0,100966.0,151397.0,112430.0,121802.0,8133,127433.0,106860.0,104795.0,103631.0,100901.0,128916.0,101409.0,143716.0,103632.0,134035.0,122016.0,128953.0,137133.0,5452,121387.0,109744.0,154445.0,106654.0,102880.0,5945,101032,101515.0,120686.0,205640.0,116055.0,5067,139653.0,212763.0,128213.0,211840.0,108444.0,104192.0,109493.0,109061.0,103849.0,109264.0,129076.0,5025.0,6343.0,102381.0,103512.0,107578.0,7360,101529.0,112955.0,107632.0,161392.0,127737.0,7774.0,138485.0,120100.0,107542.0,5637,8108,125549.0,104567.0,112106.0,102656,105526.0  -b 2018 -e 2019 -o new_release_part_1_44
sudo julia -p 7 fit_smiles.jl new_release_part_1_44
sudo julia -p 7 est_parameters.jl new_release_part_1_44
sudo rm data/raw_data/opt_data_new_release_part_1_44.csv
sudo rm data/raw_data/dist_data_new_release_part_1_44.csv
echo 'Done with group 44/84' >> tracking_file_new_release.txt

sudo python loading_data.py -s 129714.0,138971.0,106707.0,103162.0,108182.0,116343.0,116063.0,105377.0,112140.0,103210.0,114865.0,111653.0,6252,5005,112320.0,6604.0,108491.0,109296.0,6865,102606.0,102592.0,9352,113467.0,124137.0,110387,112997.0,113650.0,5741,104781.0,213545.0,204716.0,109276,137625.0,116583.0,117286.0,111282.0,118968.0,108837.0,105234.0,137468.0,101744.0,113487.0,114520.0,207763.0,107089,103010.0,122340.0,204272.0,145784.0,107063.0,124023.0,138933.0,117823.0,121076.0,123255.0,116241.0,166512.0,8915,125627.0,205462.0,108881.0,107328,101010.0,127332.0,108077,139437.0,126933.0,138307.0,108856.0,8023.0,9012.0,138315.0,120442.0,137241.0,7521,107205.0,127181.0,125530.0,121776.0,135476.0,161183.0,111404.0,106396,6287,124943.0,5642,155214.0,140428.0,101619.0,213259.0  -b 2018 -e 2019 -o new_release_part_1_45
sudo julia -p 7 fit_smiles.jl new_release_part_1_45
sudo julia -p 7 est_parameters.jl new_release_part_1_45
sudo rm data/raw_data/opt_data_new_release_part_1_45.csv
sudo rm data/raw_data/dist_data_new_release_part_1_45.csv
echo 'Done with group 45/84' >> tracking_file_new_release.txt

sudo python loading_data.py -s 102113.0,154527.0,5480,6935.0,189343.0,138376.0,189572.0,104256.0,5595,8361,6168,155260.0,102378.0,212411.0,106252.0,108971.0,106102.0,121567.0,138500.0,110133,103802.0,115153.0,5819,154347.0,101650.0,105478.0,102570.0,7602,210547.0,112155.0,104830.0,103595.0,113421.0,101603.0,102431,110955.0,126195.0,161094.0,116302.0,212390.0,115420.0,8760,113438.0,110164.0,103123.0,147264.0,117668.0,148302.0,106056.0,112214.0,7890,6669.0,213290.0,7975.0,116448.0,148496.0,116027.0,6948,128738.0,107164.0,125280.0,115251.0,104148.0,213309.0,104387.0,102979.0,151296.0,128214.0,109715.0,108848,5229.0,102967.0,209549.0,108777,103934.0,109947.0,118901.0,105956,109141,123082.0,204685.0,144355.0,105173.0,5222,8891.0,137228.0,106585,102784.0,110165,213284.0  -b 2018 -e 2019 -o new_release_part_1_46
sudo julia -p 7 fit_smiles.jl new_release_part_1_46
sudo julia -p 7 est_parameters.jl new_release_part_1_46
sudo rm data/raw_data/opt_data_new_release_part_1_46.csv
sudo rm data/raw_data/dist_data_new_release_part_1_46.csv
echo 'Done with group 46/84' >> tracking_file_new_release.txt

sudo python loading_data.py -s 107815.0,9494,129573.0,127709.0,207584.0,5570,124009.0,124988.0,188724.0,9416,102184.0,104437.0,109848.0,106304.0,109122,143585.0,154826.0,139646.0,104165.0,123085.0,128509.0,106848.0,8986,106669.0,113453.0,106195.0,102566.0,123655.0,135172.0,103292.0,116364.0,103671.0,111717.0,121734.0,8479,138916.0,110689.0,6483,109500.0,5821,101747.0,105908,207519.0,117835.0,106946.0,140609.0,116824.0,8484,135401.0,5993,110168.0,119693.0,121579.0,108674.0,8007,109053.0,210054.0,111946.0,109402.0,110487.0,102370.0,107058,106398.0,8297,107142.0,107413.0,109302.0,108020.0,101721.0,106572.0,8862,115884,103120,107976.0,109180.0,117830.0,103891.0,129414.0,114614.0,139022.0,101685.0,134801.0,107818.0,121372.0,116602.0,118507.0,138890.0,108636.0,137174.0,105490  -b 2018 -e 2019 -o new_release_part_1_47
sudo julia -p 7 fit_smiles.jl new_release_part_1_47
sudo julia -p 7 est_parameters.jl new_release_part_1_47
sudo rm data/raw_data/opt_data_new_release_part_1_47.csv
sudo rm data/raw_data/dist_data_new_release_part_1_47.csv
echo 'Done with group 47/84' >> tracking_file_new_release.txt

sudo python loading_data.py -s 102551.0,5986,8847.0,150476.0,6051.0,5774,143758.0,213287.0,141048.0,104290,5691,166775.0,111650.0,104924.0,123819.0,104172.0,203560.0,116261.0,128551.0,207473.0,107046.0,213069.0,203273.0,104138.0,7209.0,5868,8770,101791.0,120325.0,134554.0,110692.0,154126.0,116467.0,118188.0,122361.0,154830.0,125269.0,125119.0,129040.0,6311,152857.0,133941.0,128954.0,139053.0,121612.0,129622.0,134841.0,109524.0,128698.0,106942.0,154961.0,7401,9368.0,101641.0,105646.0,104446.0,104318.0,207854.0,135526.0,148187.0,112102.0,108477.0,108943,140099.0,9283,121955.0,121798.0,123747.0,6222,106761.0,155310.0,189612.0,139502.0,109801.0,128605.0,103930.0,102752.0,106172.0,8076.0,109527.0,113749.0,144277.0,109382.0,112089,5994,106551.0,101477.0,103566.0,111355.0,116596.0  -b 2018 -e 2019 -o new_release_part_1_48
sudo julia -p 7 fit_smiles.jl new_release_part_1_48
sudo julia -p 7 est_parameters.jl new_release_part_1_48
sudo rm data/raw_data/opt_data_new_release_part_1_48.csv
sudo rm data/raw_data/dist_data_new_release_part_1_48.csv
echo 'Done with group 48/84' >> tracking_file_new_release.txt

sudo python loading_data.py -s 124331.0,110353.0,103955.0,105152.0,135507.0,5105,112932.0,207768.0,102067.0,146322.0,127126.0,204864.0,106515,151382.0,134685.0,151490.0,102625.0,8966,213397.0,106548.0,109668,105913.0,154842.0,105366.0,212076.0,113972,108154.0,101480.0,110893.0,5249,123701.0,128664.0,128538.0,5820,160599.0,213814.0,108730,147336.0,5553.0,109486.0,104486.0,103700.0,102175.0,211714.0,211245.0,105762.0,6780,207516.0,109268.0,9127,6488.0,212233.0,103609.0,113419.0,106705.0,7373,102597.0,147254.0,8922.0,111890.0,151463.0,139300.0,6227,104053,7829.0,106573.0,206048.0,101575.0,5580,116339.0,6093,9240,151496.0,104353.0,102425.0,104568,105500.0,106882.0,109298.0,138311.0,5446,108390.0,102768.0,111560.0,110996.0,103286.0,137259.0,145799.0,116502.0,136202.0  -b 2018 -e 2019 -o new_release_part_1_49
sudo julia -p 7 fit_smiles.jl new_release_part_1_49
sudo julia -p 7 est_parameters.jl new_release_part_1_49
sudo rm data/raw_data/opt_data_new_release_part_1_49.csv
sudo rm data/raw_data/dist_data_new_release_part_1_49.csv
echo 'Done with group 49/84' >> tracking_file_new_release.txt

sudo python loading_data.py -s 109200.0,204762.0,105955.0,5423,148513.0,129182.0,103138.0,111079.0,112303.0,114009.0,108919.0,135152.0,127494.0,5886.0,109870.0,139599.0,204215.0,210918.0,5699,111562.0,103146,109351.0,111500.0,9131,112876.0,209570.0,124375.0,203570.0,133953.0,6719,108258.0,106025.0,151198.0,109544.0,108637.0,6987,109410.0,205895.0,105148.0,106289.0,124193.0,6986,107311.0,148484.0,109204.0,109505.0,105833.0,103508.0,7572.0,128022.0,140360.0,121980.0,155234.0,207417.0,102391.0,105915.0,125490.0,5966.0,104064.0,106894.0,135272.0,8169.0,112670.0,128975.0,142902.0,101644.0,109635,126838.0,107494.0,206001.0,128606.0,114261.0,105525.0,5114.0,104161,104877,103822.0,102397,128025.0,189489.0,7315.0,115205.0,110385.0,101102.0,110791.0,7570,134928.0,116058.0,117664.0,102964.0  -b 2018 -e 2019 -o new_release_part_1_50
sudo julia -p 7 fit_smiles.jl new_release_part_1_50
sudo julia -p 7 est_parameters.jl new_release_part_1_50
sudo rm data/raw_data/opt_data_new_release_part_1_50.csv
sudo rm data/raw_data/dist_data_new_release_part_1_50.csv
echo 'Done with group 50/84' >> tracking_file_new_release.txt

sudo python loading_data.py -s 143529.0,5357,111929.0,6435,110546.0,105486.0,134208.0,152073.0,101178.0,104229.0,105120.0,108082.0,101656.0,107869.0,106891.0,101210.0,107844.0,6495,210686.0,213515.0,102805.0,107253.0,7033.0,106265.0,133526.0,109669.0,123754.0,150895.0,151125.0,106565,109051.0,116584.0,5716.0,154451.0,107269.0,9298,5320,5355,189910.0,106408.0,6576,125120.0,5622,109223.0,106477.0,115453.0,108431.0,213757.0,103502,210631.0,115478.0,124832.0,136295.0,114307.0,103112.0,208308.0,110705.0,108278,115935.0,209695.0,103734.0,117305.0,135419.0,116955.0,112451.0,123253.0,112365.0,6564,116629.0,138536.0,5127,125048.0,151706.0,125054.0,103689.0,213141.0,103549.0,112850.0,113722.0,108867.0,107586.0,111552.0,110494,109408.0,208801.0,138464.0,105493.0,5402,134810.0,109855.0  -b 2018 -e 2019 -o new_release_part_1_51
sudo julia -p 7 fit_smiles.jl new_release_part_1_51
sudo julia -p 7 est_parameters.jl new_release_part_1_51
sudo rm data/raw_data/opt_data_new_release_part_1_51.csv
sudo rm data/raw_data/dist_data_new_release_part_1_51.csv
echo 'Done with group 51/84' >> tracking_file_new_release.txt

sudo python loading_data.py -s 8213,110812.0,154985.0,104582.0,5775,138296.0,102678.0,110994.0,109871,212705.0,107013,134667.0,8778,109211,103738.0,112000.0,112059.0,121996.0,144150.0,107212.0,125068.0,104793.0,107694.0,189595.0,122622.0,109034.0,112191,120951.0,212465.0,140447.0,110651.0,7172,133903.0,6781,134713.0,126694.0,8377,108885.0,110582.0,116595.0,5094,110093.0,128832.0,121438.0,6310,204017.0,111385.0,7855,213872.0,205814.0,112048.0,111710.0,102950.0,9112.0,100902.0,141163.0,155438.0,9506,103492.0,212702.0,203902.0,108192.0,109282,102059.0,103867.0,7176,7437,108852.0,213655.0,104045.0,104212.0,103825.0,101150.0,205808.0,111619.0,120918.0,115166.0,213522.0,116325.0,101926.0,113416.0,128654.0,121732.0,104921.0,105081.0,210546.0,106281.0,206814.0,103562.0,101622.0  -b 2018 -e 2019 -o new_release_part_1_52
sudo julia -p 7 fit_smiles.jl new_release_part_1_52
sudo julia -p 7 est_parameters.jl new_release_part_1_52
sudo rm data/raw_data/opt_data_new_release_part_1_52.csv
sudo rm data/raw_data/dist_data_new_release_part_1_52.csv
echo 'Done with group 52/84' >> tracking_file_new_release.txt

sudo python loading_data.py -s 101520.0,115446.0,129344.0,111767.0,101192.0,116473.0,155258.0,213647.0,110688.0,7255.0,109487.0,102727,8913,120458.0,147197.0,103880,125191.0,137234.0,111371.0,104367.0,5930,8186,104641.0,109045.0,111187,135061.0,103634.0,107851.0,127171.0,122553.0,113728.0,8256.0,112290.0,105221.0,108914.0,160583.0,135015.0,100992,105192.0,5815,146049.0,6862,108900,205914.0,101321.0,106184.0,107338.0,155268.0,121711.0,106300.0,138639.0,138309.0,100886.0,109205.0,156319.0,120444.0,112352.0,111945.0,8333.0,111927.0,125514.0,103755.0,137524.0,105964.0,6040,101214.0,115157.0,128127.0,104623,109393,106611.0,9030,139609.0,8385,107633,115463.0,145727.0,208441.0,211578.0,107947.0,7984,127139.0,107614,117678.0,122345.0,102898.0,117096.0,8102,102957.0,100868.0  -b 2018 -e 2019 -o new_release_part_1_53
sudo julia -p 7 fit_smiles.jl new_release_part_1_53
sudo julia -p 7 est_parameters.jl new_release_part_1_53
sudo rm data/raw_data/opt_data_new_release_part_1_53.csv
sudo rm data/raw_data/dist_data_new_release_part_1_53.csv
echo 'Done with group 53/84' >> tracking_file_new_release.txt

sudo python loading_data.py -s 129692.0,101544.0,110825.0,105193.0,125273.0,213494.0,127220.0,101286.0,121560.0,189280.0,213879.0,105846.0,8265,111952.0,212737.0,107220.0,154334.0,110485.0,207085.0,108411.0,102936.0,104504.0,121720.0,108382.0,5799,103712.0,123378.0,112996.0,8890,166832.0,135478.0,106791.0,101087.0,203311.0,209964.0,5101,121960.0,101975.0,9009,5644,118347.0,116301.0,103913.0,104030.0,8287,138424.0,105856.0,145837.0,107444.0,139180.0,102620.0,212802.0,134147.0,129567.0,137676.0,105999.0,213590.0,5251,116794.0,106120.0,106849,126666.0,110992,113095.0,211762.0,213797.0,133905.0,104853.0,134024.0,112091.0,112673.0,135384.0,109551.0,113414.0,142789.0,104035.0,103468.0,111297.0,111579.0,112947.0,5326.0,8228,119876.0,110154.0,111314.0,189962.0,9078.0,104245.0,107948.0,101054.0  -b 2018 -e 2019 -o new_release_part_1_54
sudo julia -p 7 fit_smiles.jl new_release_part_1_54
sudo julia -p 7 est_parameters.jl new_release_part_1_54
sudo rm data/raw_data/opt_data_new_release_part_1_54.csv
sudo rm data/raw_data/dist_data_new_release_part_1_54.csv
echo 'Done with group 54/84' >> tracking_file_new_release.txt

sudo python loading_data.py -s 189186.0,112614.0,7155.0,105616.0,111061.0,112979.0,112143.0,101513,158937.0,115173.0,102652.0,108832.0,166865.0,108028.0,108111.0,203294.0,110296.0,5706.0,110601.0,112971.0,104385.0,101191.0,151938.0,6459,114525.0,111649.0,105796.0,107753.0,106884.0,209181.0,101671,138687.0,102006.0,109722.0,116917.0,105450.0,102771.0,112207.0,208389.0,126740.0,8404.0,110656.0,7704.0,125574.0,110931.0,123093.0,5727,204016.0,117450.0,209323.0,107167.0,105315.0,122564.0,110766,101030.0,108128.0,108958.0,112122.0,129551.0,155122.0,126659.0,128824.0,123743.0,127427.0,134238.0,112587.0,104515,104822.0,189732.0,108475.0,102589.0,108064.0,111379.0,213479.0,155589.0,9090.0,7187.0,112292.0,212914.0,108099.0,205642.0,102577.0,111772.0,101300.0,128821.0,128548.0,110193.0,208244.0,103932.0,101345  -b 2018 -e 2019 -o new_release_part_1_55
sudo julia -p 7 fit_smiles.jl new_release_part_1_55
sudo julia -p 7 est_parameters.jl new_release_part_1_55
sudo rm data/raw_data/opt_data_new_release_part_1_55.csv
sudo rm data/raw_data/dist_data_new_release_part_1_55.csv
echo 'Done with group 55/84' >> tracking_file_new_release.txt

sudo python loading_data.py -s 135084.0,120060.0,8557,109170.0,123317.0,6298,101769.0,102264.0,9022,8668,6149,101442.0,105358.0,115158.0,137637.0,128080.0,7280.0,146081.0,5486,121809.0,134640.0,127221.0,109804.0,111427.0,105318,109951.0,126897.0,101999,6992,126973.0,128737.0,148761.0,126972.0,111311.0,123168.0,5888,101014,121749.0,122337.0,107055.0,115194.0,101272.0,206498.0,107315.0,108503.0,110851.0,107549.0,109364.0,121808.0,125050.0,101247.0,212404.0,110260.0,103265.0,106913.0,110759.0,204763.0,111763.0,5927,126569.0,204268.0,189793.0,103904.0,8358,110745.0,160990.0,127761.0,102662,7151.0,154835.0,6806,103914.0,110219.0,121675.0,113430.0,125307.0,209572.0,156126.0,138320.0,110063.0,109961.0,7886.0,106706.0,5941,110196.0,9205.0,104433.0,108543.0,207050.0,142502.0  -b 2018 -e 2019 -o new_release_part_1_56
sudo julia -p 7 fit_smiles.jl new_release_part_1_56
sudo julia -p 7 est_parameters.jl new_release_part_1_56
sudo rm data/raw_data/opt_data_new_release_part_1_56.csv
sudo rm data/raw_data/dist_data_new_release_part_1_56.csv
echo 'Done with group 56/84' >> tracking_file_new_release.txt

sudo python loading_data.py -s 102205.0,189598.0,117283.0,124000.0,112035.0,109221.0,106677.0,101190.0,8787,125539.0,103882.0,129106.0,122383.0,7588.0,108640.0,115145.0,6722.0,113468.0,211246.0,107874.0,189781.0,7546,206031.0,105027.0,101340.0,104577.0,204770.0,106167.0,188617.0,122435.0,111244.0,124765.0,127810.0,8658,7867,101808.0,108638.0,5921.0,8478,112121.0,140586.0,106119.0,101425.0,189760.0,123279.0,104012,151736.0,7470,143127.0,5957,129407.0,103588.0,103299.0,8916,104237.0,105011.0,112669.0,104893.0,7652,103973,112086,106199,102714.0,8276,102900.0,105399.0,8032.0,104847.0,109950.0,125142.0,134239.0,110502.0,108962.0,135421.0,8141.0,106977.0,109377.0,148083.0,129838.0,206934.0,109743.0,104140.0,9154,142967.0,6140,134855.0,154655.0,107409.0,109357.0,108980.0  -b 2018 -e 2019 -o new_release_part_1_57
sudo julia -p 7 fit_smiles.jl new_release_part_1_57
sudo julia -p 7 est_parameters.jl new_release_part_1_57
sudo rm data/raw_data/opt_data_new_release_part_1_57.csv
sudo rm data/raw_data/dist_data_new_release_part_1_57.csv
echo 'Done with group 57/84' >> tracking_file_new_release.txt

sudo python loading_data.py -s 104346.0,213603.0,138603.0,6815,212461.0,143717.0,9187,102785.0,9010,6356,156843.0,125458.0,144279.0,109206.0,111003.0,107275,129503.0,207856.0,106079.0,104484.0,7515,109646.0,109598,111485.0,125629.0,110719.0,107741.0,139134.0,111346,102243,147799.0,213450.0,204399.0,111366.0,144503.0,134013.0,110288.0,5569,104378.0,5143.0,109094.0,101922,121358.0,105154.0,205913.0,208391.0,102908.0,109867.0,103638.0,102193.0,121591.0,106901.0,127493.0,143780.0,124222.0,204778.0,6950,211114.0,102214.0,108647.0,110753.0,5231,125519.0,113104.0,116323.0,116444.0,112068.0,116402.0,112749.0,8593,5158,108455.0,150854.0,124514.0,106174,203408.0,110517.0,205668.0,139407.0,6019.0,110731.0,109846.0,210057.0,8468.0,138325.0,121998.0,104221.0,120164.0,128010.0,112199.0  -b 2018 -e 2019 -o new_release_part_1_58
sudo julia -p 7 fit_smiles.jl new_release_part_1_58
sudo julia -p 7 est_parameters.jl new_release_part_1_58
sudo rm data/raw_data/opt_data_new_release_part_1_58.csv
sudo rm data/raw_data/dist_data_new_release_part_1_58.csv
echo 'Done with group 58/84' >> tracking_file_new_release.txt

sudo python loading_data.py -s 147557.0,104252.0,133996.0,154946.0,213922.0,108087.0,107363.0,116392.0,113152.0,101633.0,127518.0,101239.0,106883,6249,106513,102277.0,115108.0,115430.0,108396.0,208404.0,121572.0,100919.0,136238.0,5032.0,103140.0,151664.0,139032.0,128966.0,108401.0,204203.0,111944.0,211225.0,105075.0,123817.0,101533.0,101643.0,143085.0,106026.0,105952.0,110748.0,107654.0,6475.0,105648,112765.0,138945.0,101370.0,207433.0,108393.0,141114.0,108251.0,112835.0,147262.0,128827.0,109628.0,109207,104990.0,109796.0,7828.0,8403,151184.0,101184.0,193067.0,121555.0,101962.0,204246.0,106690.0,121934.0,104841.0,166724.0,115021.0,128541.0,9462,129835.0,128553.0,115328.0,116582.0,205794.0,129248.0,103718.0,111472.0,8706,112581.0,144504.0,7191,105045.0,113155.0,6050,111114,124188.0,109210.0  -b 2018 -e 2019 -o new_release_part_1_59
sudo julia -p 7 fit_smiles.jl new_release_part_1_59
sudo julia -p 7 est_parameters.jl new_release_part_1_59
sudo rm data/raw_data/opt_data_new_release_part_1_59.csv
sudo rm data/raw_data/dist_data_new_release_part_1_59.csv
echo 'Done with group 59/84' >> tracking_file_new_release.txt

sudo python loading_data.py -s 107140.0,112672.0,101000.0,139670.0,135211.0,103035.0,5169,117669.0,100981.0,102194.0,207965.0,6265,112237.0,107540.0,139067.0,109065.0,121568.0,128587.0,204871.0,105894.0,135185.0,154430.0,148811.0,6734,128008.0,116624.0,105986.0,126679.0,105996.0,109741.0,103152.0,6292,108858,113478.0,8725.0,103852.0,134598.0,115329.0,112010.0,106288.0,188684.0,7863,148254.0,122115.0,102411.0,102923.0,101364.0,106937.0,152057.0,123753.0,151907.0,152348.0,102672.0,6469.0,103772.0,189476.0,109807,103505.0,122006.0,124051.0,123306.0,205520.0,162196.0,117400.0,102041,125184.0,6574,154313.0,106775.0,106333.0,110652.0,8583,102841.0,112574.0,112058.0,116933.0,204018.0,107174.0,104076.0,104510.0,8860,139825.0,102042.0,213083.0,126956.0,109083.0,126988.0,108376.0,102109.0,7578.0  -b 2018 -e 2019 -o new_release_part_1_60
sudo julia -p 7 fit_smiles.jl new_release_part_1_60
sudo julia -p 7 est_parameters.jl new_release_part_1_60
sudo rm data/raw_data/opt_data_new_release_part_1_60.csv
sudo rm data/raw_data/dist_data_new_release_part_1_60.csv
echo 'Done with group 60/84' >> tracking_file_new_release.txt

sudo python loading_data.py -s 127508.0,6108,8488.0,107847,101673.0,129243.0,101564.0,113460.0,128909.0,101256.0,125110.0,208313.0,134575.0,9262.0,7487,122015.0,110124.0,138604.0,103014.0,112003.0,9132.0,7303,102738.0,105687.0,135299.0,103000.0,138987.0,6086.0,101691.0,102195.0,105260.0,113070.0,111165.0,124960.0,162161.0,100996.0,129321.0,152916.0,189725.0,213704.0,161062.0,146060.0,143016.0,213710.0,101246.0,109960.0,207608.0,104807.0,101853.0,7866.0,188532.0,104829.0,8824,123714.0,101638.0,106590.0,110362.0,7926,212437.0,139735.0,111474.0,108546.0,104009.0,135104.0,124891.0,102615.0,116372.0,119874.0,212401.0,140562.0,110603.0,161430.0,102870.0,7732.0,112946.0,135087.0,189736.0,101700.0,137525.0,109420.0,7814,143076.0,105444.0,103311.0,107056,121355.0,112990.0,204284.0,113465.0,109185.0  -b 2018 -e 2019 -o new_release_part_1_61
sudo julia -p 7 fit_smiles.jl new_release_part_1_61
sudo julia -p 7 est_parameters.jl new_release_part_1_61
sudo rm data/raw_data/opt_data_new_release_part_1_61.csv
sudo rm data/raw_data/dist_data_new_release_part_1_61.csv
echo 'Done with group 61/84' >> tracking_file_new_release.txt

sudo python loading_data.py -s 110632,109380.0,9428,103999.0,151828.0,105521.0,106012.0,104769.0,8936,154581.0,105088.0,120978.0,210407.0,106410.0,112264.0,110329.0,212208.0,207406.0,104656.0,110097.0,104956,128656.0,166785.0,118509.0,112342.0,111844.0,107486.0,129762.0,127144.0,108384.0,108770.0,106472.0,123548.0,5141.0,101421.0,107268.0,134001.0,128573.0,124154.0,122572.0,7929,107014,101169.0,156316.0,112613.0,108935.0,134913.0,104152,127443.0,209554.0,135208.0,111641.0,110161.0,105179.0,102839.0,9183,101664.0,138679.0,6946,102373.0,135031.0,111226.0,106474.0,134588.0,140610.0,5866,101124.0,108043.0,108551,148247.0,213006.0,137686.0,120940.0,101828.0,103498.0,211454.0,101439.0,138390.0,110527.0,7391,9513.0,109087.0,9062,111320.0,7577,6692,126855.0,107570.0,213093.0,5370.0  -b 2018 -e 2019 -o new_release_part_1_62
sudo julia -p 7 fit_smiles.jl new_release_part_1_62
sudo julia -p 7 est_parameters.jl new_release_part_1_62
sudo rm data/raw_data/opt_data_new_release_part_1_62.csv
sudo rm data/raw_data/dist_data_new_release_part_1_62.csv
echo 'Done with group 62/84' >> tracking_file_new_release.txt

sudo python loading_data.py -s 129201.0,139163.0,8374,107840,208292.0,9041.0,110635.0,105335.0,116918.0,113007.0,134578.0,116501.0,129720.0,129156.0,103546.0,7426,129048.0,111966,108442.0,137778.0,121209.0,106764,102365.0,213688.0,108949.0,109269.0,106277.0,109413.0,122774.0,139135.0,213988.0,105281,119893.0,203351.0,105997.0,209295.0,105629.0,104247.0,123795.0,108889.0,138704.0,105159.0,116952.0,110900.0,8615,128907.0,213495.0,189480.0,7038.0,145877.0,112605.0,134660.0,5092,7850,101063.0,162001.0,121510.0,5892,103361.0,7137,118744.0,108863.0,134853.0,127323.0,106835.0,148096.0,127155.0,140457.0,125112.0,5600,108750.0,208246.0,111554.0,100977.0,144468.0,102412.0,121949.0,110946.0,121589.0,111646,127452.0,116203.0,8685,122928.0,105054.0,106679.0,161190.0,101559.0,128015.0,145735.0  -b 2018 -e 2019 -o new_release_part_1_63
sudo julia -p 7 fit_smiles.jl new_release_part_1_63
sudo julia -p 7 est_parameters.jl new_release_part_1_63
sudo rm data/raw_data/opt_data_new_release_part_1_63.csv
sudo rm data/raw_data/dist_data_new_release_part_1_63.csv
echo 'Done with group 63/84' >> tracking_file_new_release.txt

sudo python loading_data.py -s 134708.0,5336,101618.0,111042.0,134901.0,107330,103786.0,156125.0,189685.0,135320.0,113971.0,108464.0,143126.0,129783.0,139996.0,7150,145731.0,107352.0,208990.0,101261.0,142609.0,110170,117438.0,135300.0,121814.0,108255.0,120159.0,6166,103075.0,213235.0,7561.0,102872.0,109562.0,6819,128264.0,110381.0,148883.0,105100,141101.0,119875.0,128539.0,116586.0,9479,121598.0,207211.0,105761.0,162237.0,127575.0,211869.0,137518.0,143761.0,107392.0,139251.0,110430.0,104104.0,5109.0,9075,123788.0,213128.0,109559.0,111441.0,137358.0,147796.0,106254.0,144597.0,109135.0,111358.0,116566.0,107610.0,211531.0,205782.0,105802.0,111247.0,106843.0,110817.0,104294.0,5830.0,160604.0,111651.0,6334.0,106279.0,6841,6777,145617.0,105599.0,104209.0,129369.0,104666.0,144307.0,110125.0  -b 2018 -e 2019 -o new_release_part_1_64
sudo julia -p 7 fit_smiles.jl new_release_part_1_64
sudo julia -p 7 est_parameters.jl new_release_part_1_64
sudo rm data/raw_data/opt_data_new_release_part_1_64.csv
sudo rm data/raw_data/dist_data_new_release_part_1_64.csv
echo 'Done with group 64/84' >> tracking_file_new_release.txt

sudo python loading_data.py -s 7183,101379.0,110684.0,105085.0,213895.0,100941.0,108150,120160.0,108938.0,6054,110380.0,103766,152498.0,122671.0,133961.0,111277.0,8811,166318.0,7453.0,107608.0,133952.0,102077.0,110357.0,116894.0,108394.0,137622.0,101919.0,112360.0,203457.0,107194.0,109751.0,7228.0,7734.0,129213.0,128092.0,155301.0,123659.0,109437.0,8193,151927.0,125710.0,123288.0,108494.0,111780.0,121929.0,103724.0,104521.0,123630.0,123750.0,115390.0,109167.0,207409.0,121788.0,134299.0,106691.0,6363,106030.0,135383.0,109501,107606.0,137093.0,154406.0,205704.0,5632.0,110844.0,136266.0,104184.0,106219.0,101016.0,6520,101895.0,151197.0,154991.0,101315.0,7318,107393.0,123328.0,109997.0,5401,124167.0,209865.0,154329.0,107468.0,105297.0,210944.0,105103.0,108516.0,101071,104834.0,103024.0  -b 2018 -e 2019 -o new_release_part_1_65
sudo julia -p 7 fit_smiles.jl new_release_part_1_65
sudo julia -p 7 est_parameters.jl new_release_part_1_65
sudo rm data/raw_data/opt_data_new_release_part_1_65.csv
sudo rm data/raw_data/dist_data_new_release_part_1_65.csv
echo 'Done with group 65/84' >> tracking_file_new_release.txt

sudo python loading_data.py -s 109902.0,110399.0,106626.0,102893.0,123640.0,105625.0,111409.0,155280.0,103765.0,5823,110504.0,104449,101381,140419.0,142955.0,110039.0,103358.0,151939.0,8973.0,104635.0,209738.0,212512.0,8992,104772.0,6060,213318.0,104640.0,213577.0,125013.0,6316,9098.0,116387.0,115413.0,135057.0,101185.0,203559.0,7199.0,9316.0,150883.0,105257.0,138338.0,8505,154521.0,139275.0,7359.0,6366,5660,6852,116285.0,103029.0,113143.0,119562.0,139982.0,129577.0,112409.0,6515.0,127730.0,111679.0,135233.0,106814.0,101885.0,144625.0,112179.0,111637.0,108757,121551.0,106124.0,5208,104342.0,212936.0,121825.0,212330.0,6995,112677.0,106915.0,7026.0,213925.0,6143,145954.0,103839.0,148181.0,112611.0,109714.0,8901,151181.0,6796,104119.0,112392.0,7730,6116.0  -b 2018 -e 2019 -o new_release_part_1_66
sudo julia -p 7 fit_smiles.jl new_release_part_1_66
sudo julia -p 7 est_parameters.jl new_release_part_1_66
sudo rm data/raw_data/opt_data_new_release_part_1_66.csv
sudo rm data/raw_data/dist_data_new_release_part_1_66.csv
echo 'Done with group 66/84' >> tracking_file_new_release.txt

sudo python loading_data.py -s 8114,111450.0,109361.0,101799,124263.0,146243.0,109070.0,138781.0,211188.0,104383.0,109597.0,125313.0,154109.0,123712.0,9306,102033,7954,189183.0,8709.0,104218.0,9409.0,112243.0,101119.0,134561.0,8553,8125,205931.0,106207.0,212712.0,114866.0,112213.0,103864.0,135214.0,114021.0,105668.0,101692.0,116893.0,125590.0,102396.0,106795.0,210643.0,147912.0,101153,154337.0,137696.0,105329.0,7465,101155.0,106914.0,120449.0,212743.0,116781.0,107327.0,113481.0,101175.0,110767.0,134915.0,103757.0,166725.0,112235.0,106858.0,155193.0,124136.0,7203.0,107378.0,213855.0,9317,125134.0,108539.0,109036.0,109857,117833.0,108247,144594.0,128666.0,154405.0,112529.0,110926.0,6429,8501,128629.0,7201,7755,144358.0,127576.0,139451.0,104501.0,112757.0,151260.0,109138.0  -b 2018 -e 2019 -o new_release_part_1_67
sudo julia -p 7 fit_smiles.jl new_release_part_1_67
sudo julia -p 7 est_parameters.jl new_release_part_1_67
sudo rm data/raw_data/opt_data_new_release_part_1_67.csv
sudo rm data/raw_data/dist_data_new_release_part_1_67.csv
echo 'Done with group 67/84' >> tracking_file_new_release.txt

sudo python loading_data.py -s 212589.0,108797.0,113747.0,127136.0,123713.0,109702,205141.0,105301.0,9319,101235.0,8360,212780.0,162004.0,102309.0,105280.0,154586.0,112025.0,106380.0,105505,140420.0,142969.0,101573.0,7171,211544.0,8463.0,208010.0,109899,9272.0,101329.0,103087.0,111342.0,204496.0,8196,119445.0,103975.0,121769.0,6711,116512.0,123702.0,111394.0,115437.0,123636.0,139402.0,101312,204211.0,9318,122766.0,208299.0,104836.0,147579.0,162017.0,189686.0,125271.0,108208.0,5190,8902.0,101416.0,105545.0,153884.0,106750.0,104673.0,106950.0,103386,105499.0,7246,155918.0,207207.0,6834,116545.0,103611,139553.0,102283,106200.0,148422.0,106006.0,134562.0,102069,111781.0,6383,128607.0,126844.0,111751.0,213908.0,105615.0,107071.0,116284.0,122851.0,100972.0,142571.0,113446.0  -b 2018 -e 2019 -o new_release_part_1_68
sudo julia -p 7 fit_smiles.jl new_release_part_1_68
sudo julia -p 7 est_parameters.jl new_release_part_1_68
sudo rm data/raw_data/opt_data_new_release_part_1_68.csv
sudo rm data/raw_data/dist_data_new_release_part_1_68.csv
echo 'Done with group 68/84' >> tracking_file_new_release.txt

sudo python loading_data.py -s 107107.0,9345.0,5524,7930,103645,113061.0,5519,106947.0,5607,8386,107994.0,137774.0,123738.0,123816.0,104261.0,104042,104527.0,108964.0,127734.0,110691.0,111053.0,104639.0,102558.0,154957.0,109621.0,116773.0,9198,110086.0,155250.0,109999.0,212464.0,108670.0,104096,9060,102467.0,101549.0,111100.0,213007.0,212923.0,133984.0,188669.0,108228.0,140431.0,116234.0,110799.0,203898.0,114385.0,135436.0,5847.0,110431.0,107172,213873.0,103726.0,101980.0,207851.0,108490.0,107245.0,107443.0,120912.0,106250,127491.0,103827.0,209944.0,6037,108085.0,213877.0,103851.0,8120,106520.0,204198.0,103084.0,127066.0,134873.0,154823.0,108400.0,108580.0,7553.0,112275.0,106820.0,203275.0,105129.0,110222.0,102055,106743.0,104322.0,107505.0,128661.0,134602.0,105780.0,103049.0  -b 2018 -e 2019 -o new_release_part_1_69
sudo julia -p 7 fit_smiles.jl new_release_part_1_69
sudo julia -p 7 est_parameters.jl new_release_part_1_69
sudo rm data/raw_data/opt_data_new_release_part_1_69.csv
sudo rm data/raw_data/dist_data_new_release_part_1_69.csv
echo 'Done with group 69/84' >> tracking_file_new_release.txt

sudo python loading_data.py -s 109862.0,104094.0,150248.0,104574.0,103307.0,125466.0,106774.0,111706,103557,116282.0,100945,211716.0,109734.0,139949.0,106622.0,106340.0,5221,108926.0,115260.0,108397.0,105969.0,101778.0,101444.0,205809.0,107074.0,139910.0,210309.0,127164.0,145724.0,107950.0,127450.0,104672.0,110827.0,140410,5099,122792.0,108389,100999.0,133988.0,142607.0,5594.0,106708.0,104083,105651.0,109657.0,110883,105907.0,148607.0,122569.0,8641.0,5758,112921.0,213339.0,101336.0,124055.0,102500,134008.0,128707.0,100935.0,129616.0,123726.0,116327.0,125096.0,147339.0,145747.0,107343.0,111270.0,150876.0,116196.0,212060.0,5710,107319.0,110215.0,108193,106064.0,123935.0,211242.0,104051.0,138328.0,143620.0,106627,111855.0,151718.0,111498.0,105617.0,134248.0,106539.0,8452.0,123639.0,128016.0  -b 2018 -e 2019 -o new_release_part_1_70
sudo julia -p 7 fit_smiles.jl new_release_part_1_70
sudo julia -p 7 est_parameters.jl new_release_part_1_70
sudo rm data/raw_data/opt_data_new_release_part_1_70.csv
sudo rm data/raw_data/dist_data_new_release_part_1_70.csv
echo 'Done with group 70/84' >> tracking_file_new_release.txt

sudo python loading_data.py -s 213580.0,112331.0,104729.0,162238.0,151462.0,6585,162130.0,7257,108045.0,102417.0,9111.0,103220.0,8293,129191.0,189344.0,109573.0,147849.0,101793.0,103245.0,129382.0,126943.0,109013.0,104478.0,110270.0,148131.0,104417.0,109712.0,102018.0,189704.0,212942.0,108421.0,108026.0,108553.0,108269.0,128261.0,116313.0,128958.0,6715.0,205769.0,128643.0,191050.0,129700.0,113995.0,154348.0,5989,5983,7510,213681.0,111478.0,116340.0,204466.0,120945.0,104005.0,155272.0,7463,213686.0,213111.0,112375.0,6941,6679.0,6326,126833.0,127029.0,5170,107411.0,7438,152006.0,106486.0,147365.0,7809,103485.0,211698.0,128759.0,101832.0,125225.0,188667.0,103561.0,151425.0,211760.0,112981.0,135094.0,108290.0,105407.0,123937.0,151015.0,125223.0,155197.0,123097.0,107577.0,108145.0  -b 2018 -e 2019 -o new_release_part_1_71
sudo julia -p 7 fit_smiles.jl new_release_part_1_71
sudo julia -p 7 est_parameters.jl new_release_part_1_71
sudo rm data/raw_data/opt_data_new_release_part_1_71.csv
sudo rm data/raw_data/dist_data_new_release_part_1_71.csv
echo 'Done with group 71/84' >> tracking_file_new_release.txt

sudo python loading_data.py -s 103714.0,106481.0,110687.0,101627.0,109640,208064.0,112736.0,102562.0,121935.0,106384.0,135418.0,110800,115982.0,6919.0,111484.0,105056.0,125178.0,113083.0,107157,121931.0,109305,6032,109329.0,112295.0,112954.0,5458,112531.0,129486.0,111017.0,109661.0,111791.0,111283.0,109963.0,107937.0,102499.0,100882.0,140417.0,8438.0,110471.0,102836.0,6121,128714.0,117832.0,8818,110209.0,209301.0,102789.0,137728.0,103997,101405.0,161290.0,212954.0,5844,127430.0,101066.0,112470.0,110401,120322.0,109671.0,102207.0,108277.0,212536.0,127738.0,209920.0,101662.0,5396.0,134275.0,148512.0,113168.0,105128.0,134250.0,7310.0,103134.0,111236.0,212146.0,111942.0,129109.0,122843.0,105275,101916.0,114262.0,124243.0,127486.0,104018.0,129256.0,125281.0,116551.0,128917.0,204230.0,210919.0  -b 2018 -e 2019 -o new_release_part_1_72
sudo julia -p 7 fit_smiles.jl new_release_part_1_72
sudo julia -p 7 est_parameters.jl new_release_part_1_72
sudo rm data/raw_data/opt_data_new_release_part_1_72.csv
sudo rm data/raw_data/dist_data_new_release_part_1_72.csv
echo 'Done with group 72/84' >> tracking_file_new_release.txt

sudo python loading_data.py -s 5098,128570.0,151412.0,104695.0,7952,139364.0,103871.0,101687.0,6896,209918.0,8457.0,213818.0,120704.0,151124.0,102301.0,109906.0,116547.0,111110.0,112289.0,101621.0,5053,105812.0,109727.0,139652.0,127490.0,8576,112258.0,107951.0,7848.0,109176.0,5853,212056.0,111417.0,143130.0,111648.0,155082.0,103649.0,102934.0,111351.0,143591.0,113431.0,134034.0,103415,119434.0,136216.0,188711.0,6691.0,6879,112793.0,103472,105626.0,105265.0,102260,107858.0,109485,109007,207170.0,105601.0,5926.0,8642,104930.0,111262.0,101725,109826.0,105213.0,107666.0,5421,105175.0,8686.0,125457.0,101824.0,8758.0,104909.0,189249.0,103118.0,151381.0,108577.0,137244.0,8324,103781.0,108817.0,109672.0,7185,106588.0,7729.0,119277.0,103461.0,138506.0,129804.0,111364.0  -b 2018 -e 2019 -o new_release_part_1_73
sudo julia -p 7 fit_smiles.jl new_release_part_1_73
sudo julia -p 7 est_parameters.jl new_release_part_1_73
sudo rm data/raw_data/opt_data_new_release_part_1_73.csv
sudo rm data/raw_data/dist_data_new_release_part_1_73.csv
echo 'Done with group 73/84' >> tracking_file_new_release.txt

sudo python loading_data.py -s 103945.0,108527.0,6496,125944.0,110388.0,143065.0,108566.0,108245.0,101639.0,127322.0,212237.0,110979.0,127604.0,104800.0,7273,139906.0,107940.0,112019.0,105803.0,107831.0,208405.0,128504.0,154305.0,126989.0,127752.0,104602.0,117454.0,116375.0,104453.0,116943.0,105386.0,102505.0,103805.0,103785.0,129532.0,207283.0,128136.0,7291,102886.0,111067.0,110845.0,213927.0,104508.0,139137.0,210517.0,109458.0,121562.0,204202.0,7631,110693.0,106366.0,145918.0,210537.0,109521.0,108910.0,135120.0,108219.0,101165.0,212722.0,126718.0,106275.0,105840.0,9166,112378.0,7041.0,101347.0,103594.0,154314.0,126913.0,137516.0,7650,109388.0,133926.0,103433.0,208897.0,104255,102611.0,6998.0,7449,141145.0,129173.0,154402.0,108260.0,120691.0,109969,102641.0,121218.0,102669.0,110040.0,109293.0  -b 2018 -e 2019 -o new_release_part_1_74
sudo julia -p 7 fit_smiles.jl new_release_part_1_74
sudo julia -p 7 est_parameters.jl new_release_part_1_74
sudo rm data/raw_data/opt_data_new_release_part_1_74.csv
sudo rm data/raw_data/dist_data_new_release_part_1_74.csv
echo 'Done with group 74/84' >> tracking_file_new_release.txt

sudo python loading_data.py -s 213251.0,134203.0,125865.0,103027.0,150977.0,108332.0,207626.0,108407.0,106747.0,208487.0,105817,121344.0,101734.0,112134.0,109850.0,9074,104664.0,139641.0,105162.0,111176.0,106695.0,102170.0,213711.0,209303.0,6730.0,106880.0,133881.0,101469.0,139598.0,7236,101933.0,125741.0,104782.0,213358.0,112423.0,111833,117796.0,5545,9210.0,154633.0,103926.0,126734.0,109623.0,209820.0,8429,121691.0,115433.0,105527.0,136229.0,128665.0,106371.0,113069,109572.0,107483.0,108066.0,121746.0,7435,106037,126745.0,112147.0,136291.0,109101,111008.0,103916,162256.0,7182.0,108132.0,104442.0,143578.0,101610.0,8464,110171.0,109109.0,111098.0,6427.0,139166.0,108050.0,145835.0,109593.0,107545.0,106636.0,116468.0,109297.0,156322.0,8735,213816.0,129424.0,154399.0,7321,101881.0  -b 2018 -e 2019 -o new_release_part_1_75
sudo julia -p 7 fit_smiles.jl new_release_part_1_75
sudo julia -p 7 est_parameters.jl new_release_part_1_75
sudo rm data/raw_data/opt_data_new_release_part_1_75.csv
sudo rm data/raw_data/dist_data_new_release_part_1_75.csv
echo 'Done with group 75/84' >> tracking_file_new_release.txt

sudo python loading_data.py -s 105262.0,9461.0,110067.0,125237.0,129645.0,121742.0,125236.0,110724.0,105691.0,5394,213036.0,162236.0,140003.0,104118.0,205765.0,129655.0,189215.0,128516.0,8263,7629,122626.0,125779.0,107390.0,134619.0,8329,104149.0,108842.0,127820.0,103534.0,6690.0,213858.0,142814.0,101920.0,110094.0,144675.0,121517.0,121547.0,106720.0,110947.0,146292.0,128137.0,133997.0,122021.0,145846.0,109962,189739.0,125777.0,6562,128502.0,103817.0,120446.0,110474.0,104015.0,110316.0,143586.0,101600.0,101435.0,107425.0,111041.0,106290.0,107659,139292.0,105028.0,115117.0,137655.0,122010.0,124328.0,204684.0,137062.0,137458.0,137227.0,134834.0,9331,127128.0,115476.0,140006.0,109352.0,104496.0,110252,110616.0,126957.0,133877.0,113720.0,101164.0,137240.0,105940,115648.0,208765.0,204799.0,150461.0  -b 2018 -e 2019 -o new_release_part_1_76
sudo julia -p 7 fit_smiles.jl new_release_part_1_76
sudo julia -p 7 est_parameters.jl new_release_part_1_76
sudo rm data/raw_data/opt_data_new_release_part_1_76.csv
sudo rm data/raw_data/dist_data_new_release_part_1_76.csv
echo 'Done with group 76/84' >> tracking_file_new_release.txt

sudo python loading_data.py -s 105690.0,104891.0,122795.0,139816.0,103667.0,114708.0,104019.0,102239.0,115929.0,106492.0,204003.0,121570.0,137648.0,103180,213747.0,103233,101073.0,123744.0,109359.0,7473.0,143446.0,105843.0,107441,110447.0,104677.0,111509.0,107282.0,108733.0,117279.0,213860.0,106314.0,108392.0,212669.0,112635.0,161100.0,8908.0,101642.0,110746.0,109568,112167,126834.0,207175.0,103379,110779.0,107277.0,209318.0,206149.0,125526.0,110439.0,154647.0,116588.0,203357.0,128196.0,134704.0,7319.0,135177.0,136341.0,107603.0,103435.0,105541.0,125118.0,129594.0,111832.0,206815.0,104614.0,106394.0,101420.0,5299.0,129719.0,8101,106765.0,128604.0,137539.0,107092.0,138900.0,212145.0,109214.0,138428.0,125575.0,101528.0,109144.0,101779.0,143555.0,103124.0,203984.0,121735.0,144233.0,213924.0,105979.0,115382.0  -b 2018 -e 2019 -o new_release_part_1_77
sudo julia -p 7 fit_smiles.jl new_release_part_1_77
sudo julia -p 7 est_parameters.jl new_release_part_1_77
sudo rm data/raw_data/opt_data_new_release_part_1_77.csv
sudo rm data/raw_data/dist_data_new_release_part_1_77.csv
echo 'Done with group 77/84' >> tracking_file_new_release.txt

sudo python loading_data.py -s 134793.0,103947.0,108769.0,106042.0,119281.0,107509.0,7932,102924.0,116262.0,102314.0,111977.0,196072.0,110262.0,106867.0,6936,107769.0,126660.0,107091.0,161470.0,115171.0,117415.0,111122.0,102374.0,189213.0,106813.0,111856,107365.0,113440.0,166312.0,102722.0,107348.0,213321.0,210764.0,151161.0,109016.0,107919.0,104199.0,113174.0,110286.0,8979,116503.0,136305.0,107053.0,115156.0,103665.0,106828,203176.0,100994.0,135083.0,112369.0,103082,5086,213338.0,212391.0,204282.0,105160.0,101782.0,104473.0,7225,105441.0,143112.0,127141.0,123846.0,9372,108833.0,107556,213658.0,154986.0,148058.0,166385.0,101540.0,102628.0,106235.0,5045.0,203888.0,110818.0,143520.0,207049.0,110080,148068.0,138903.0,105916.0,109031.0,104713,143588.0,105250.0,6746.0,135187.0,123521.0,111770  -b 2018 -e 2019 -o new_release_part_1_78
sudo julia -p 7 fit_smiles.jl new_release_part_1_78
sudo julia -p 7 est_parameters.jl new_release_part_1_78
sudo rm data/raw_data/opt_data_new_release_part_1_78.csv
sudo rm data/raw_data/dist_data_new_release_part_1_78.csv
echo 'Done with group 78/84' >> tracking_file_new_release.txt

sudo python loading_data.py -s 106345.0,8383.0,137562.0,103143.0,111347.0,110528.0,103100,101004.0,133902.0,115878.0,120081.0,105543.0,103779.0,109490,108604.0,204843.0,138350.0,103989.0,166795.0,101522.0,119826.0,103889.0,106381.0,8977,213825.0,5351,106249.0,108735.0,143125.0,102267.0,204440.0,212341.0,189931.0,106128,106182.0,115018.0,107572.0,211113.0,109784.0,212459.0,105092.0,122570.0,111528.0,134241.0,103668,102588.0,105797.0,115880.0,5623,102209.0,102257.0,106778.0,203478.0,109439.0,111206.0,105941.0,103526.0,158938.0,109424.0,204479.0,108722.0,203889.0,110131.0,212227.0,109798.0,110295.0,107552.0,110770.0,108655.0,204019.0,101907.0,8552.0,104741.0,110004.0,109430.0,118434.0,111561,129497.0,154530.0,151193.0,126826.0,154398.0,103178.0,9110.0,110470.0,113994.0,107397,109489.0,120820.0,105680  -b 2018 -e 2019 -o new_release_part_1_79
sudo julia -p 7 fit_smiles.jl new_release_part_1_79
sudo julia -p 7 est_parameters.jl new_release_part_1_79
sudo rm data/raw_data/opt_data_new_release_part_1_79.csv
sudo rm data/raw_data/dist_data_new_release_part_1_79.csv
echo 'Done with group 79/84' >> tracking_file_new_release.txt

sudo python loading_data.py -s 101441.0,134150.0,5972,109695.0,142907.0,110549.0,108427.0,166816.0,143077.0,104074,106212.0,115019.0,123323.0,7219,135430.0,5582,7905,129069.0,114848.0,109240.0,5773.0,189909.0,136235.0,111957.0,144366.0,6203,121812.0,101310.0,5507,5425,112889.0,112027.0,155816.0,207500.0,138453.0,127702.0,105853.0,109925.0,135402.0,188531.0,139039.0,116592.0,143760.0,213106.0,112633.0,104632.0,129828.0,102315.0,5008,127749.0,5160,107119.0,109504.0,113124.0,204796.0,113016.0,109000.0,104761.0,103046.0,137243.0,102517.0,203335.0,147364.0,106503.0,134871.0,109400.0,146241.0,108529.0,129492.0,111941.0,122124.0,101861.0,155094.0,213802.0,111962.0,205203.0,6455.0,104384.0,105091,110915.0,142780.0,103814.0,107337.0,101909,137776.0,124128.0,117104.0,213803.0,135382.0,112658.0  -b 2018 -e 2019 -o new_release_part_1_80
sudo julia -p 7 fit_smiles.jl new_release_part_1_80
sudo julia -p 7 est_parameters.jl new_release_part_1_80
sudo rm data/raw_data/opt_data_new_release_part_1_80.csv
sudo rm data/raw_data/dist_data_new_release_part_1_80.csv
echo 'Done with group 80/84' >> tracking_file_new_release.txt

sudo python loading_data.py -s 128079.0,104971.0,6812,121509.0,104105,127754.0,103500.0,212800.0,109795,9089.0,5139.0,103543,137684.0,102686.0,103413.0,108660.0,108409.0,111096,122543.0,106905.0,135485.0,108999,103248,103784.0,123084.0,101663.0,104348,107320.0,155431.0,106165.0,105852.0,103383.0,102245.0,134701.0,107748.0,103348,103570.0,109892.0,213163.0,104883.0,144629.0,109008.0,109507.0,207518.0,102887.0,8004,111155.0,189199.0,105482.0,207742.0,109636.0,103424.0,162147.0,121542.0,107404.0,106699.0,104576.0,110331,129103.0,203572.0,103071.0,203293.0,189791.0,109806.0,126900.0,189603.0,125544.0,6540,108283,213887.0,6752,104050.0,112520.0,112018.0,209300.0,152328.0,104579.0,9480,101154.0,111274.0,155807.0,104591.0,103696.0,103745,105389,101587.0,112261.0,129258.0,109859.0,111089.0  -b 2018 -e 2019 -o new_release_part_1_81
sudo julia -p 7 fit_smiles.jl new_release_part_1_81
sudo julia -p 7 est_parameters.jl new_release_part_1_81
sudo rm data/raw_data/opt_data_new_release_part_1_81.csv
sudo rm data/raw_data/dist_data_new_release_part_1_81.csv
echo 'Done with group 81/84' >> tracking_file_new_release.txt

sudo python loading_data.py -s 143059.0,102603,203349.0,106582.0,104588.0,111337.0,111088.0,111184,119366.0,9476,108217.0,204213.0,110912,100964.0,104065.0,104940.0,102819.0,8020.0,109332.0,6989,154338.0,107704.0,107742,108298.0,5195,110643.0,101805,8029,110788,6638,9284,102604.0,134799.0,112680.0,101318.0,100948.0,9119,125592.0,111905.0,7337,139234.0,127218.0,111197.0,112623.0,110493.0,119845.0,113093.0,5946,144478.0,8467,148451.0,155111.0,109222.0,110047.0,102799.0,105855.0,112488.0,110716.0,6535,143066.0,109869.0,110115.0,8451,5089,114518.0,108607.0,104179.0,189347.0,104286.0,112074.0,107442,111902.0,112489.0,104372.0,210338.0,212806.0,121806.0,105998.0,8399,207506.0,137618.0,8943,127545.0,125289.0,137544.0,105134.0,111696,102382.0,9209,102151.0  -b 2018 -e 2019 -o new_release_part_1_82
sudo julia -p 7 fit_smiles.jl new_release_part_1_82
sudo julia -p 7 est_parameters.jl new_release_part_1_82
sudo rm data/raw_data/opt_data_new_release_part_1_82.csv
sudo rm data/raw_data/dist_data_new_release_part_1_82.csv
echo 'Done with group 82/84' >> tracking_file_new_release.txt

sudo python loading_data.py -s 137169.0,9516,110132.0,102807.0,106541.0,111077.0,112039.0,9197.0,110323.0,210291.0,208237.0,111662.0,121530.0,9493,212931.0,108725.0,109756.0,105353.0,104078.0,107134.0,116399.0,107849.0,135344.0,106220.0,8626,111964.0,138617.0,103239.0,107147.0,110886.0,137551.0,8707.0,166807.0,108231.0,103813.0,8500,110961.0,109982.0,112195.0,107463.0,211975.0,8590,105667.0,6458,166794.0,101593.0,110627.0,106968,203296.0,128755.0,112597.0,7545,110177,8286,117398.0,102407,128061.0,123319.0,107640.0,6393.0,9518.0,203895.0,144177.0,123794.0,105593.0,109802.0,109601.0,140086.0,108706.0,111959.0,8318,5698,106204.0,5038,135466.0,107833.0,139328.0,145892.0,106224.0,8306,8638.0,111461.0,7484,213660.0,101655,105133,107567,102791.0,111769.0,104993.0  -b 2018 -e 2019 -o new_release_part_1_83
sudo julia -p 7 fit_smiles.jl new_release_part_1_83
sudo julia -p 7 est_parameters.jl new_release_part_1_83
sudo rm data/raw_data/opt_data_new_release_part_1_83.csv
sudo rm data/raw_data/dist_data_new_release_part_1_83.csv
echo 'Done with group 83/84' >> tracking_file_new_release.txt

sudo python loading_data.py -s 7190,123766.0,9250,115441.0,7414,116631.0,212094.0,103810,127329.0,104784.0,105884.0,111470.0,109964.0,108742.0,111901.0,8237,5766,101617.0,109253,151398.0,101454.0,209742.0,110263.0,101151.0,107622.0,128279.0,101294.0,102213.0,129257.0,145959.0,108547.0,109492.0,109390.0,5003.0,212960.0,107576.0,137092.0,122636.0,103073.0,112273.0,5230,9058,104946.0,209296.0,103354.0,102001.0,105371.0,5932.0,120917.0,7982,106821.0,160586.0,213780.0,104459.0,119690.0,213503.0,110155.0,9116.0,121754.0,101992.0,207169.0,8009.0,6209,8051,103132.0,102553.0,6738,128262.0,121765.0,213317.0,102601.0,101683.0,106991.0,104840.0,110995.0,134821.0,135339.0,123505.0,135213.0,111157.0,125464.0,161979.0,103167.0,125496.0,111569.0,103053.0,116341.0,104608.0,101599,124265.0  -b 2018 -e 2019 -o new_release_part_1_84
sudo julia -p 7 fit_smiles.jl new_release_part_1_84
sudo julia -p 7 est_parameters.jl new_release_part_1_84
sudo rm data/raw_data/opt_data_new_release_part_1_84.csv
sudo rm data/raw_data/dist_data_new_release_part_1_84.csv
echo 'Done with group 84/84' >> tracking_file_new_release.txt

