sudo python loading_data.py -s 108501.0,7431,102677.0,147703.0,9354.0,154890.0,107675.0,6486,110585.0,114250.0,110560,6472,129738.0,142786.0,108902.0,116051.0,128181.0,129557.0,116200.0,151776.0,107041.0,134800.0,102535,101172.0,111506.0,120110.0,116235.0,7142.0,109235.0,110137.0,5665.0,106035.0,121786.0,142808.0,205086.0,7576,155276.0,109656.0,114666.0,5671,101771.0,125189.0,212409.0,114649.0,107317.0,212909.0,103136.0,7497,203937.0,188545.0,6247,111730.0,104598.0,100933.0,5896,127176.0,7568,120697.0,112244.0,110029.0,101551,107888.0,101118.0,126992.0,110998.0,104314.0,105793.0,105769.0,106089.0,112956.0,110765.0,110586,127558.0,112177.0,111852,189605.0,209837.0,145762.0,112362.0,135125.0,140525.0,121205.0,124895.0,101244.0,115167.0,6957,6150,103106.0,107863.0,107533  -b 2018 -e 2019 -o new_release_part_3_1
sudo julia -p 7 fit_smiles.jl new_release_part_3_1
sudo julia -p 7 est_parameters.jl new_release_part_3_1
sudo rm data/raw_data/opt_data_new_release_part_3_1.csv
sudo rm data/raw_data/dist_data_new_release_part_3_1.csv
echo 'Done with group 1/84' >> tracking_file_new_release.txt

sudo python loading_data.py -s 109358.0,134818.0,101678.0,103357.0,121804.0,103564.0,110259,8681,150882.0,211457.0,8821.0,211876.0,121936.0,104123.0,104476.0,105080.0,6419.0,124129.0,108149.0,8629,107810.0,122542.0,154962.0,115252.0,112515.0,103384,103423.0,8817,102874.0,113420.0,128060.0,103429.0,102400.0,108257.0,101790.0,123612.0,6984,103012.0,104037.0,103081.0,103597.0,103642.0,102608.0,115447.0,102627.0,141097.0,118095.0,207650.0,154644.0,103018.0,117298.0,107358.0,103672,152891.0,121718.0,7372,110243.0,137073.0,104812.0,105922,103332,102131,151306.0,115222,107438.0,115471.0,140446.0,8225,102339.0,134153.0,103694.0,5354,106794,9188,110190.0,109049.0,114511.0,151494.0,107871.0,109335.0,109182.0,208492.0,117838.0,7031.0,107560.0,103651.0,9229,207411.0,8801,102284  -b 2018 -e 2019 -o new_release_part_3_2
sudo julia -p 7 fit_smiles.jl new_release_part_3_2
sudo julia -p 7 est_parameters.jl new_release_part_3_2
sudo rm data/raw_data/opt_data_new_release_part_3_2.csv
sudo rm data/raw_data/dist_data_new_release_part_3_2.csv
echo 'Done with group 2/84' >> tracking_file_new_release.txt

sudo python loading_data.py -s 103460.0,106787.0,126901.0,213081.0,8532,8132.0,213140.0,124063.0,7456,102802.0,105306.0,110090.0,102297.0,134391.0,123614.0,128752.0,104977,105172.0,107897.0,211324.0,108073.0,106092.0,134559.0,114850.0,116060.0,207331.0,8459,5442,7249,205863.0,8788,106639.0,102125.0,5013.0,110476.0,101314.0,114297.0,129041.0,208059.0,117107.0,213064.0,5057,209671.0,6284.0,121515.0,166496.0,109880.0,209557.0,108333.0,7963,111416.0,111795.0,207388.0,121377.0,102858.0,8485,213243.0,107658.0,151171.0,101297.0,106633.0,103318.0,103126.0,110065.0,155011.0,106529.0,6189,122123.0,127593.0,109468,162235.0,161019.0,108988.0,121407.0,6482,109749.0,101084.0,107683.0,128715.0,147354.0,125287.0,212779.0,110066,128039.0,111013.0,102100.0,125743.0,129061.0,109904.0,137449.0  -b 2018 -e 2019 -o new_release_part_3_3
sudo julia -p 7 fit_smiles.jl new_release_part_3_3
sudo julia -p 7 est_parameters.jl new_release_part_3_3
sudo rm data/raw_data/opt_data_new_release_part_3_3.csv
sudo rm data/raw_data/dist_data_new_release_part_3_3.csv
echo 'Done with group 3/84' >> tracking_file_new_release.txt

sudo python loading_data.py -s 104727.0,128812.0,129842.0,107861.0,213618.0,116637.0,108095.0,203295.0,148312.0,103960.0,129665.0,7786,105935,138312.0,104117.0,145782.0,103305,110426,5778,203192.0,129656.0,112005.0,103656,106022.0,102833.0,104114.0,160984.0,103473.0,105671.0,212564.0,137353.0,108265.0,154634.0,105043,111033.0,108478.0,5651.0,7533,110810.0,151618.0,100897.0,110111.0,212746.0,139501.0,116429.0,135527.0,100925.0,188548.0,105800.0,135350.0,113497.0,5228,142807.0,206325.0,208062.0,111703.0,125190.0,102351.0,109674.0,166741.0,114005.0,109642.0,104430.0,107736.0,6827,138612.0,116274.0,128817.0,106147.0,111467,129259.0,5147,209477.0,107430.0,102928,7907,7741,128576.0,109540.0,107860.0,117441.0,105602.0,110025,112890.0,111023.0,104420.0,108241.0,106575.0,103563.0,135481.0  -b 2018 -e 2019 -o new_release_part_3_4
sudo julia -p 7 fit_smiles.jl new_release_part_3_4
sudo julia -p 7 est_parameters.jl new_release_part_3_4
sudo rm data/raw_data/opt_data_new_release_part_3_4.csv
sudo rm data/raw_data/dist_data_new_release_part_3_4.csv
echo 'Done with group 4/84' >> tracking_file_new_release.txt

sudo python loading_data.py -s 213514.0,209827.0,111937.0,106088.0,5906,104888.0,108594.0,124957.0,102398.0,111149.0,135479.0,210042.0,106684.0,151557.0,116922.0,104310.0,104503.0,103691,213248.0,108540,107096.0,104631.0,101378.0,134802.0,5566,137341.0,127806.0,111344.0,102902.0,143702.0,111412.0,102152.0,104169.0,152418.0,102657.0,212010.0,143017.0,102021.0,108072,105340.0,104707.0,101230,104931.0,204231.0,101969.0,7349.0,104246,204456.0,101959.0,110663.0,138551.0,134726.0,125456.0,112607.0,110382.0,6156,107187.0,124774.0,162191.0,135297.0,148642.0,7846,115009.0,113173.0,135477.0,106253.0,5042,9335,113169.0,105538.0,6712.0,210624.0,155329.0,209694.0,5982,128263.0,110589.0,115264.0,124054.0,129073.0,7543.0,207217.0,210798.0,102112.0,116593.0,8446,5078,110916.0,117628.0,8090.0  -b 2018 -e 2019 -o new_release_part_3_5
sudo julia -p 7 fit_smiles.jl new_release_part_3_5
sudo julia -p 7 est_parameters.jl new_release_part_3_5
sudo rm data/raw_data/opt_data_new_release_part_3_5.csv
sudo rm data/raw_data/dist_data_new_release_part_3_5.csv
echo 'Done with group 5/84' >> tracking_file_new_release.txt

sudo python loading_data.py -s 129537.0,8828,106406.0,133879.0,102982.0,161400.0,129410.0,102894,109887.0,103091.0,110436.0,106674.0,135250.0,129500.0,125312.0,116314.0,108507.0,102756.0,146359.0,115568.0,134296.0,112958.0,124226.0,111870.0,110415.0,129677.0,121709.0,9370,109147.0,112648.0,205538.0,105414.0,110641,110711.0,102294.0,134789.0,100934.0,7556,103877.0,6931,107846.0,5541.0,106670.0,102428.0,101571.0,128784.0,108140.0,7146.0,107977.0,207504.0,128051.0,8569,8177,108849.0,103362.0,101792,7971,8750,107073,8363,107969.0,137399.0,127616.0,107932,104041.0,203332.0,108920.0,111034.0,103114.0,146310.0,102786.0,114253.0,134854.0,143069.0,111542.0,103262.0,109177.0,213682.0,111989.0,112630.0,107291.0,127326.0,207005.0,103076.0,106693.0,6845.0,5837,111888.0,109837.0,134891.0  -b 2018 -e 2019 -o new_release_part_3_6
sudo julia -p 7 fit_smiles.jl new_release_part_3_6
sudo julia -p 7 est_parameters.jl new_release_part_3_6
sudo rm data/raw_data/opt_data_new_release_part_3_6.csv
sudo rm data/raw_data/dist_data_new_release_part_3_6.csv
echo 'Done with group 6/84' >> tracking_file_new_release.txt

sudo python loading_data.py -s 145763.0,108719.0,107287.0,135244.0,9349,115199.0,103885.0,154993.0,117413.0,6592.0,110463.0,103340.0,114617.0,105186.0,111993.0,134876.0,8056,129676.0,151107.0,106096.0,106332.0,7916,5897.0,208515.0,107081.0,105150.0,101215.0,126945.0,101545.0,211662.0,118511.0,106740.0,105456.0,8282,127495.0,116250.0,162168.0,107294.0,150886.0,106694.0,118743.0,112403.0,110144.0,104075.0,109596.0,111213.0,138942.0,210779.0,8277,109195,147918.0,114672.0,105565.0,7397,104113.0,125187.0,205638.0,106525.0,106133.0,112640.0,107624.0,104859.0,105792.0,137554.0,109179.0,213926.0,129244.0,115255.0,107934.0,154587.0,105773.0,7175,110626.0,106349.0,102783.0,6102,138640.0,212799.0,114268.0,122119.0,114112.0,105864.0,108846.0,119868.0,122348.0,106098.0,110671.0,129399.0,156127.0,124645.0  -b 2018 -e 2019 -o new_release_part_3_7
sudo julia -p 7 fit_smiles.jl new_release_part_3_7
sudo julia -p 7 est_parameters.jl new_release_part_3_7
sudo rm data/raw_data/opt_data_new_release_part_3_7.csv
sudo rm data/raw_data/dist_data_new_release_part_3_7.csv
echo 'Done with group 7/84' >> tracking_file_new_release.txt

sudo python loading_data.py -s 111120.0,121340.0,103003.0,104922,6059,207975.0,124736.0,118739.0,108868.0,124900.0,105276,110037.0,133927.0,148623.0,115323.0,106162.0,151842.0,104967.0,106715.0,145665.0,102019.0,103249.0,109156.0,138635.0,108178.0,111126.0,129727.0,116401.0,111948.0,122349.0,7865,102089.0,213707.0,148636.0,112518.0,105349.0,162172.0,6523,6309,117826.0,7254.0,101130.0,6123,129684.0,104386,7944,109605.0,109591.0,109650.0,128913.0,161351.0,115883.0,108845.0,107954.0,7873.0,107565.0,110287.0,122767.0,6928.0,125975.0,101388.0,104235.0,139182.0,140524.0,122535.0,111135.0,110311.0,145816.0,128743.0,111867,110332.0,8070,104905.0,112636.0,213837.0,135056.0,5661.0,105235,111908.0,102720,7609,133992.0,9155,101005.0,8223,110176.0,205597.0,106411.0,113488.0,106819.0  -b 2018 -e 2019 -o new_release_part_3_8
sudo julia -p 7 fit_smiles.jl new_release_part_3_8
sudo julia -p 7 est_parameters.jl new_release_part_3_8
sudo rm data/raw_data/opt_data_new_release_part_3_8.csv
sudo rm data/raw_data/dist_data_new_release_part_3_8.csv
echo 'Done with group 8/84' >> tracking_file_new_release.txt

sudo python loading_data.py -s 103965.0,189961.0,135093.0,129124.0,213980.0,111333.0,107656.0,107650.0,120067.0,107660.0,105958.0,7637,212600.0,112929.0,126890.0,102327.0,7980.0,111429.0,128908.0,154311.0,127196.0,111516.0,129592.0,110751.0,7735,123244.0,9339,6682,100975.0,211391.0,101770.0,204483.0,108803.0,5497,115198.0,135495.0,203897.0,107339.0,9464.0,213579.0,103298.0,104498.0,7903,105902.0,205894.0,208138.0,123525.0,107667.0,116370.0,143105.0,137643.0,127705.0,8332,109729.0,104913.0,108782.0,211356.0,8881,5240,116604.0,213712.0,8949.0,110930.0,135080.0,127612.0,5952,203995.0,122343.0,128602.0,137347.0,116368.0,143623.0,142605.0,128609.0,161962.0,104587.0,110879.0,8556.0,155599.0,5455,134288.0,155233.0,122365.0,106997.0,108232.0,103402.0,204854.0,106238,7990,121524.0  -b 2018 -e 2019 -o new_release_part_3_9
sudo julia -p 7 fit_smiles.jl new_release_part_3_9
sudo julia -p 7 est_parameters.jl new_release_part_3_9
sudo rm data/raw_data/opt_data_new_release_part_3_9.csv
sudo rm data/raw_data/dist_data_new_release_part_3_9.csv
echo 'Done with group 9/84' >> tracking_file_new_release.txt

sudo python loading_data.py -s 6805,118432.0,107052,109048.0,101565.0,108968.0,129654.0,101337.0,112591.0,110443.0,150877.0,104882.0,110660.0,8704,123595.0,7352,112726.0,6814,6626.0,213823.0,213921.0,211976.0,104327.0,122554.0,6187.0,5212,109073.0,103619,129657.0,213274.0,121376.0,210310.0,110050.0,128669.0,110675,109594,5679.0,210667.0,110344,111719,106490,5488.0,205559.0,127697.0,107966.0,5197,121958.0,139784.0,109917.0,128132.0,189492.0,111568.0,103067.0,107885.0,101989,107553,9269,111805.0,8486,109885.0,136275.0,105824.0,129265.0,162169.0,114111.0,129377.0,114661.0,107580.0,8454.0,106256,107515.0,135522.0,105131.0,154928.0,144666.0,109738.0,208234.0,111178.0,105269.0,103218.0,108123.0,107543.0,5526,137588.0,139729.0,134032.0,6664.0,6512.0,5703,107246.0  -b 2018 -e 2019 -o new_release_part_3_10
sudo julia -p 7 fit_smiles.jl new_release_part_3_10
sudo julia -p 7 est_parameters.jl new_release_part_3_10
sudo rm data/raw_data/opt_data_new_release_part_3_10.csv
sudo rm data/raw_data/dist_data_new_release_part_3_10.csv
echo 'Done with group 10/84' >> tracking_file_new_release.txt

sudo python loading_data.py -s 204460.0,5353,213965.0,112011.0,124168.0,115412.0,6436.0,103290.0,7427,129038.0,105055.0,113068.0,122339.0,101031.0,134256.0,110904,207846.0,111746,151616.0,116571.0,6317,155277.0,104563.0,111240.0,135310.0,143510.0,6741,106400,117639.0,139176.0,114855,134151.0,109681.0,110762.0,212957.0,7632,101074.0,5399,204394.0,112031.0,5599,114257.0,108187.0,135523.0,127025.0,204526.0,110833.0,124931.0,145979.0,103860.0,8334,107224.0,8491,8431.0,109703.0,101548.0,103469.0,113076.0,139629.0,108598.0,7110,7003,5518,101428.0,212704.0,104187,115280.0,102099.0,105202.0,121550.0,109897.0,125247.0,105745.0,109124.0,9450,116920.0,139766.0,106601.0,110339.0,8677,103764.0,7776,213209.0,106594.0,7492.0,108046.0,104735.0,106681.0,5646,151387.0  -b 2018 -e 2019 -o new_release_part_3_11
sudo julia -p 7 fit_smiles.jl new_release_part_3_11
sudo julia -p 7 est_parameters.jl new_release_part_3_11
sudo rm data/raw_data/opt_data_new_release_part_3_11.csv
sudo rm data/raw_data/dist_data_new_release_part_3_11.csv
echo 'Done with group 11/84' >> tracking_file_new_release.txt

sudo python loading_data.py -s 5044,155279.0,134027.0,109432.0,128128.0,210218.0,104345.0,135413.0,7224,103236.0,106509.0,112300.0,115285.0,213304.0,108946.0,102272.0,104755.0,103184.0,129293.0,115983.0,108379.0,7474,108986.0,146137.0,116901.0,151777.0,106246.0,9296,104731.0,151875.0,102004.0,111555.0,6528.0,101069.0,104997.0,135106.0,113063.0,189978.0,114022.0,106797.0,120068.0,122053.0,105069.0,6137,8662,5779,102516.0,105341.0,104434.0,104023.0,127511.0,122354.0,106619.0,135293.0,212716.0,8206,104863.0,102465.0,116590.0,8496,104657.0,110197.0,104998.0,106998.0,101774.0,110048,102596.0,105320.0,8926,110928,103682.0,213886.0,110122.0,111214.0,104750,128251.0,112367.0,123736.0,128038.0,122009.0,5001.0,109446,102394.0,203495.0,108602.0,127436.0,112524,103346.0,108042.0,103099.0  -b 2018 -e 2019 -o new_release_part_3_12
sudo julia -p 7 fit_smiles.jl new_release_part_3_12
sudo julia -p 7 est_parameters.jl new_release_part_3_12
sudo rm data/raw_data/opt_data_new_release_part_3_12.csv
sudo rm data/raw_data/dist_data_new_release_part_3_12.csv
echo 'Done with group 12/84' >> tracking_file_new_release.txt

sudo python loading_data.py -s 136231.0,104428.0,124830.0,154450.0,104525.0,101167.0,122523.0,103157.0,207039.0,116498.0,210499.0,206033.0,103093.0,5538,101076.0,106893.0,129128.0,9230.0,209507.0,213356.0,115258.0,127319.0,102324.0,106104.0,6832,125812.0,105654.0,110318.0,7502,101116.0,204470.0,7587,104912.0,106067.0,101940.0,112105.0,112716.0,133909.0,109952,137159.0,110370.0,123689.0,104776.0,7751,212826.0,109576.0,6714.0,106523.0,124186.0,152028.0,125070.0,108570.0,102774,5865.0,101900.0,101431,9507,210385.0,106785.0,209943.0,113010.0,129192.0,8535,5838.0,111362.0,129081.0,105647.0,155283.0,106981.0,123419.0,104168.0,105989.0,105699.0,111526.0,116271.0,127193.0,147257.0,109354.0,109793.0,145785.0,9137,115426.0,116577.0,121607.0,116342.0,108829.0,101211.0,103329.0,7594.0,111771  -b 2018 -e 2019 -o new_release_part_3_13
sudo julia -p 7 fit_smiles.jl new_release_part_3_13
sudo julia -p 7 est_parameters.jl new_release_part_3_13
sudo rm data/raw_data/opt_data_new_release_part_3_13.csv
sudo rm data/raw_data/dist_data_new_release_part_3_13.csv
echo 'Done with group 13/84' >> tracking_file_new_release.txt

sudo python loading_data.py -s 151024.0,102035.0,5938.0,108702.0,113153.0,110256.0,8031,188515.0,212030.0,134273.0,6782,120156.0,5420.0,211411.0,127471.0,6162,9145,121692.0,141139.0,108489.0,107346.0,102156.0,104264.0,207632.0,114238.0,6200,103762.0,103266,100894.0,205096.0,106889.0,112066.0,107963.0,5796,138932.0,104658.0,109022.0,104424,108671.0,208419.0,116493.0,189258.0,6747,101817.0,121710.0,104565,188527.0,6131,8254,137667.0,154648.0,110965.0,108227.0,112479.0,129153.0,142771.0,8285,128935.0,117807.0,110715.0,8861,6517.0,142936.0,105053.0,5068,112618.0,9485,8180,104762.0,103981.0,105790.0,148549.0,104143.0,9212,5922.0,148166.0,114682.0,7221.0,129141.0,122060.0,109258.0,102614.0,101944.0,114725.0,5271,123506.0,113133.0,103925.0,211750.0,143063.0  -b 2018 -e 2019 -o new_release_part_3_14
sudo julia -p 7 fit_smiles.jl new_release_part_3_14
sudo julia -p 7 est_parameters.jl new_release_part_3_14
sudo rm data/raw_data/opt_data_new_release_part_3_14.csv
sudo rm data/raw_data/dist_data_new_release_part_3_14.csv
echo 'Done with group 14/84' >> tracking_file_new_release.txt

sudo python loading_data.py -s 101231.0,129501.0,104319.0,105950.0,154632.0,9255,109069.0,120445.0,137931.0,101360.0,104055,123243.0,107651.0,105716.0,106014.0,129855.0,5263.0,109010,207187.0,135026.0,108957.0,137702.0,111912.0,101120.0,151297.0,100932.0,103630.0,101582.0,104680.0,137137.0,109201.0,6407.0,104642.0,112120.0,128828.0,106632.0,6527.0,102540.0,106592.0,5736,112868.0,109622.0,105682.0,8190,122571.0,122630.0,121970.0,104011.0,106055.0,213799.0,115038.0,141952.0,162165.0,111006.0,107429,105740,125591.0,125270.0,124065.0,120688.0,128013.0,107980.0,106912.0,103488.0,113714.0,121932.0,5568,128825.0,204866.0,103756.0,109736.0,140764.0,104843.0,151556.0,105223.0,102250.0,208054.0,5978.0,111899.0,102691.0,138317.0,5131.0,124770.0,112616.0,128936.0,6218,109015.0,103986.0,106365.0,102675.0  -b 2018 -e 2019 -o new_release_part_3_15
sudo julia -p 7 fit_smiles.jl new_release_part_3_15
sudo julia -p 7 est_parameters.jl new_release_part_3_15
sudo rm data/raw_data/opt_data_new_release_part_3_15.csv
sudo rm data/raw_data/dist_data_new_release_part_3_15.csv
echo 'Done with group 15/84' >> tracking_file_new_release.txt

sudo python loading_data.py -s 102114.0,125292.0,153899.0,145310.0,139080.0,125183.0,106190.0,104244.0,123108.0,6417,7995,138348.0,115095.0,138521.0,135074.0,212670.0,104146.0,104451.0,112236.0,6293.0,148527.0,5056,129615.0,111550.0,123256.0,125038.0,5794.0,107923,125114.0,109371.0,134002.0,204465.0,138592.0,210290.0,101013.0,129827.0,110777.0,100942.0,148296.0,126959.0,103862,7292,139584.0,111503.0,8740,117834.0,150975.0,112973.0,213966.0,109426.0,108338.0,144656.0,5356.0,106000.0,148480.0,152873.0,123099.0,111082.0,105086.0,107017.0,112372.0,104085.0,117695.0,102926.0,204313.0,206436.0,107221,107953.0,105079.0,104090,116367.0,121507.0,106935.0,5058,112139.0,121819.0,8844,5682,8551,114555.0,135348.0,155326.0,188489.0,127328.0,135335.0,118903.0,101815.0,103263.0,205861.0,9120  -b 2018 -e 2019 -o new_release_part_3_16
sudo julia -p 7 fit_smiles.jl new_release_part_3_16
sudo julia -p 7 est_parameters.jl new_release_part_3_16
sudo rm data/raw_data/opt_data_new_release_part_3_16.csv
sudo rm data/raw_data/dist_data_new_release_part_3_16.csv
echo 'Done with group 16/84' >> tracking_file_new_release.txt

sudo python loading_data.py -s 105396.0,109431,122328.0,103990.0,101415,7769,105572.0,8066,204499.0,111476.0,101802.0,109514.0,7220,104871.0,134686.0,104333.0,107765.0,9367,115232.0,108583.0,126698.0,135170.0,106763.0,112662.0,110202.0,110721.0,148575.0,121365.0,106247.0,124947.0,106306,151183.0,128910.0,133995.0,103476.0,109140.0,101440.0,101894.0,104714.0,102626.0,104805.0,129490.0,116352.0,109723.0,8136,101561.0,114519.0,105658.0,107169.0,110860.0,112987.0,107428.0,102148.0,100887.0,205680.0,105267.0,213223.0,107310.0,101710.0,105823.0,106831.0,104881.0,8482.0,211863.0,101176.0,8751,104691.0,117290.0,129415.0,122922.0,148509.0,106635.0,7740.0,111449.0,105899.0,116366.0,110921.0,128276.0,116194.0,104344.0,112624.0,105633.0,5314.0,116579.0,147529.0,5171,111729.0,188616.0,209372.0,110255.0  -b 2018 -e 2019 -o new_release_part_3_17
sudo julia -p 7 fit_smiles.jl new_release_part_3_17
sudo julia -p 7 est_parameters.jl new_release_part_3_17
sudo rm data/raw_data/opt_data_new_release_part_3_17.csv
sudo rm data/raw_data/dist_data_new_release_part_3_17.csv
echo 'Done with group 17/84' >> tracking_file_new_release.txt

sudo python loading_data.py -s 160584.0,110069.0,212230.0,104063.0,110049.0,104190.0,107415.0,108341.0,7934,121930.0,107491,112976.0,105283.0,106193.0,105445.0,7313,116494.0,212917.0,125501.0,110224.0,104490.0,8017,103833.0,7278,105321.0,115442.0,103258.0,112821.0,117412.0,105995.0,111762.0,113745.0,142586.0,204473.0,106847,110184.0,103855.0,5649,108084.0,111305.0,106141.0,106999.0,151401.0,101075.0,105261.0,111099.0,162314.0,162131.0,139401.0,134274.0,188932.0,101161.0,7242.0,102867.0,120700.0,102285.0,203562.0,213430.0,107335,213919.0,8765.0,112344.0,109089.0,107645.0,146099.0,213578.0,102776.0,204792.0,112174.0,9521,140018.0,111029,126565.0,8856.0,106817.0,8057,112536.0,107581.0,113053.0,208065.0,101720,5288,207297.0,112141.0,129380.0,204794.0,123735.0,110530.0,113486.0,5768.0  -b 2018 -e 2019 -o new_release_part_3_18
sudo julia -p 7 fit_smiles.jl new_release_part_3_18
sudo julia -p 7 est_parameters.jl new_release_part_3_18
sudo rm data/raw_data/opt_data_new_release_part_3_18.csv
sudo rm data/raw_data/dist_data_new_release_part_3_18.csv
echo 'Done with group 18/84' >> tracking_file_new_release.txt

sudo python loading_data.py -s 115224.0,105380.0,108981.0,111154.0,106029.0,105338.0,108942.0,124716.0,111383.0,9225,112245.0,7680.0,9184.0,101090.0,109068.0,103416.0,213606.0,7604,211536.0,208477.0,204531.0,110925.0,145995.0,110129.0,8059.0,189701.0,104354.0,7134,8958,9257.0,110341.0,106571.0,106823,210630.0,105566.0,155291.0,103959,107008.0,123322.0,128229.0,106869.0,100983,121587.0,101784,103313.0,106496.0,123006.0,109847.0,101056,116437.0,154366.0,109721.0,8716,102102.0,123308.0,122927.0,121948.0,110941.0,103575.0,213586.0,121526.0,122114.0,138927.0,126953.0,102977,115142.0,101218.0,188925.0,107471,128073.0,213364.0,111228.0,5272,129347.0,213776.0,138447.0,109991.0,7919,102509.0,208203.0,208828.0,213800.0,7530,100870.0,117673.0,150222.0,105263.0,123820.0,109216.0,106213.0  -b 2018 -e 2019 -o new_release_part_3_19
sudo julia -p 7 fit_smiles.jl new_release_part_3_19
sudo julia -p 7 est_parameters.jl new_release_part_3_19
sudo rm data/raw_data/opt_data_new_release_part_3_19.csv
sudo rm data/raw_data/dist_data_new_release_part_3_19.csv
echo 'Done with group 19/84' >> tracking_file_new_release.txt

sudo python loading_data.py -s 106739.0,166716.0,134421.0,110534.0,111803.0,105370,128620.0,105498,189259.0,102806.0,103633.0,103319.0,101020.0,121784.0,105788.0,153938.0,116273.0,208449.0,161033.0,113415.0,104845.0,129695.0,8605,208302.0,104002.0,110319.0,151497.0,6101,100899,7941,9451,105074.0,122429.0,145814.0,8579,105416.0,135296.0,111106,110486.0,7169,211722.0,116558.0,107255.0,110782.0,103768.0,105652.0,112594.0,105657.0,107538,9064.0,102192.0,105983,154588.0,111227.0,106723.0,103058.0,108022.0,148483.0,111063.0,115938.0,109103.0,133910.0,8656.0,107090.0,203269.0,128819.0,213513.0,106711.0,102690.0,210495.0,210254.0,125129.0,111792.0,213076.0,111374.0,145684.0,108420.0,123658.0,104054.0,209210.0,107678.0,139434.0,111378.0,111887.0,102725.0,110764,103963.0,129699.0,7615.0,111544.0  -b 2018 -e 2019 -o new_release_part_3_20
sudo julia -p 7 fit_smiles.jl new_release_part_3_20
sudo julia -p 7 est_parameters.jl new_release_part_3_20
sudo rm data/raw_data/opt_data_new_release_part_3_20.csv
sudo rm data/raw_data/dist_data_new_release_part_3_20.csv
echo 'Done with group 20/84' >> tracking_file_new_release.txt

sudo python loading_data.py -s 125778.0,9104.0,116561.0,102268.0,107445.0,108523,103300.0,7037.0,5628,124371.0,7282.0,108535,110026,107609,117677.0,102121.0,107285.0,152806.0,151036.0,144309.0,102944.0,111633.0,104059.0,108855.0,101850.0,109423.0,107986.0,9129,7562.0,127024.0,116028.0,106799.0,143086.0,135013.0,112384.0,112851.0,135322.0,213646.0,144498.0,112843.0,8425,104103.0,105504.0,115381.0,205676.0,126880.0,103845.0,142803.0,5689,105904.0,7714.0,134856.0,109499.0,204279.0,104394,155236.0,101576.0,5338,135467.0,106758.0,6006.0,9163.0,205791.0,105972.0,8406,113087.0,112354.0,5833,117442.0,104224,5110,5696.0,7145,110453.0,8453.0,127116.0,101160.0,102522.0,148167.0,6710,133956.0,139768.0,105588.0,103719.0,104585.0,108180.0,128943.0,110524.0,110913.0,111325.0  -b 2018 -e 2019 -o new_release_part_3_21
sudo julia -p 7 fit_smiles.jl new_release_part_3_21
sudo julia -p 7 est_parameters.jl new_release_part_3_21
sudo rm data/raw_data/opt_data_new_release_part_3_21.csv
sudo rm data/raw_data/dist_data_new_release_part_3_21.csv
echo 'Done with group 21/84' >> tracking_file_new_release.txt

sudo python loading_data.py -s 210831.0,128202.0,114110.0,111264.0,7847,123280.0,117674.0,134892.0,142941.0,103652.0,127067.0,106134,107485.0,212074.0,155137.0,203200.0,111336.0,106397.0,6267,108223.0,208500.0,115326.0,107767.0,108233.0,111413.0,8749.0,162186.0,101287.0,104867.0,110450.0,104697.0,8687,104236.0,116546.0,8506.0,101308.0,102901.0,8200,6651,9044,114223,110309.0,129635.0,102338.0,137547.0,109707.0,124745.0,105582.0,7726,143665.0,102975.0,110561.0,102658,111986.0,128078.0,107819.0,7072.0,138514.0,7962,105205,108791.0,119433.0,152875.0,151168.0,125511.0,5369,115547.0,105778.0,106810,128028.0,117631.0,105558.0,125291.0,112717.0,107972.0,122624.0,109860.0,122521.0,122446.0,106018.0,6124,161343.0,101781.0,109713.0,101001.0,104198.0,100947.0,110602.0,107168.0,102331.0  -b 2018 -e 2019 -o new_release_part_3_22
sudo julia -p 7 fit_smiles.jl new_release_part_3_22
sudo julia -p 7 est_parameters.jl new_release_part_3_22
sudo rm data/raw_data/opt_data_new_release_part_3_22.csv
sudo rm data/raw_data/dist_data_new_release_part_3_22.csv
echo 'Done with group 22/84' >> tracking_file_new_release.txt

sudo python loading_data.py -s 9329,108696.0,111434.0,110038.0,204867.0,110084.0,109079.0,154637.0,112517.0,111324.0,106780.0,162214.0,128270.0,9067,110055.0,107669.0,151405.0,139586.0,122035.0,5962,8980.0,107012.0,103929.0,110649.0,104499,109664.0,101750.0,108676,111292.0,111171,112475.0,212235.0,109645,103480.0,6821,124224.0,110596.0,109776.0,113147.0,102206.0,125469.0,9176.0,151763.0,120817.0,147691.0,104195.0,8185.0,5586,105825.0,212659.0,210834.0,104101.0,109331.0,6494.0,110110.0,7301.0,112020.0,8675,145732.0,137342.0,103750.0,115211.0,109461.0,146041.0,139249.0,213368.0,105293.0,111224.0,103097.0,143622.0,113146.0,207765.0,124952.0,107138.0,8088,208300.0,103231.0,5466,108198.0,113138.0,134624.0,114671.0,110223.0,213195.0,135387.0,101138.0,101466.0,6649,7780,7554  -b 2018 -e 2019 -o new_release_part_3_23
sudo julia -p 7 fit_smiles.jl new_release_part_3_23
sudo julia -p 7 est_parameters.jl new_release_part_3_23
sudo rm data/raw_data/opt_data_new_release_part_3_23.csv
sudo rm data/raw_data/dist_data_new_release_part_3_23.csv
echo 'Done with group 23/84' >> tracking_file_new_release.txt

sudo python loading_data.py -s 137076.0,5398,112201.0,127802.0,102287.0,154438.0,152486.0,209297.0,128142.0,123544.0,122798.0,134255.0,111576.0,134795.0,210760.0,104275.0,104122.0,207766.0,105241.0,152501.0,107547.0,156321.0,109193.0,110905,113136.0,9502,103254,213791.0,101495.0,101901.0,106776.0,116449.0,113968.0,134923.0,6180.0,111796,8345.0,129581.0,5238,213836.0,9101,110000.0,134360.0,101598.0,129631.0,117430.0,102684.0,127753.0,5102,110848.0,108078.0,155247.0,137140.0,101383.0,213759.0,122756.0,129781.0,129682.0,8938.0,106287.0,166761.0,8248,103462.0,107080.0,147763.0,143107.0,8490,102258.0,102421.0,203945.0,116465.0,107369.0,112968.0,103203.0,110475.0,6228.0,112485.0,212096.0,128955.0,102423,107536.0,7387,122438.0,153900.0,105144,107993,102524.0,8733.0,107513.0,102068.0  -b 2018 -e 2019 -o new_release_part_3_24
sudo julia -p 7 fit_smiles.jl new_release_part_3_24
sudo julia -p 7 est_parameters.jl new_release_part_3_24
sudo rm data/raw_data/opt_data_new_release_part_3_24.csv
sudo rm data/raw_data/dist_data_new_release_part_3_24.csv
echo 'Done with group 24/84' >> tracking_file_new_release.txt

sudo python loading_data.py -s 104650.0,109398,103740.0,154828.0,105578.0,156130.0,116906.0,102326.0,109643.0,161099.0,111330.0,109677.0,109466.0,124241.0,108806.0,125285.0,101085.0,127507.0,213674.0,137656.0,7630,101761.0,106909.0,108481.0,127547.0,123092.0,127020.0,111085.0,105460.0,161102.0,101243.0,101113.0,129345.0,134859.0,129751.0,110814.0,114233.0,108524.0,108751.0,101245.0,8175.0,6333,5997.0,9347,144518.0,125060.0,101976.0,108422.0,210858.0,106146.0,139167.0,110455.0,106663.0,128277.0,115615.0,204014.0,5914,152080.0,110064.0,109495,137272.0,7958,8549,112318.0,8376.0,145774.0,114644.0,108440.0,101631.0,145710.0,114878.0,188881.0,5514,107380,8419,8897,123536.0,7703.0,124650.0,143712.0,107297.0,106298.0,143442.0,107845.0,105560.0,137232.0,106628.0,124002.0,8343,103568.0  -b 2018 -e 2019 -o new_release_part_3_25
sudo julia -p 7 fit_smiles.jl new_release_part_3_25
sudo julia -p 7 est_parameters.jl new_release_part_3_25
sudo rm data/raw_data/opt_data_new_release_part_3_25.csv
sudo rm data/raw_data/dist_data_new_release_part_3_25.csv
echo 'Done with group 25/84' >> tracking_file_new_release.txt

sudo python loading_data.py -s 207610.0,111158.0,101875.0,206124.0,137598.0,112962.0,6183.0,107492.0,146262.0,108137,107638.0,112279.0,128911.0,119696.0,107978.0,106031.0,6433.0,8144.0,160606.0,5559.0,9031,138614.0,5411,109834.0,102052.0,110536,162160.0,114229.0,7881,109242.0,105514.0,110758.0,137216.0,105367.0,104610.0,109510.0,118985.0,7022.0,143075.0,9168.0,109304,101198,104289.0,123522.0,110787.0,5490,171573.0,5317,213314.0,5173.0,112634.0,9423,147280.0,211296.0,111691.0,140093.0,138778.0,207586.0,107088.0,109580.0,120072.0,166475.0,104643.0,101200.0,116552.0,106701.0,147356.0,108339.0,112197.0,109931.0,189270.0,135182.0,107116.0,139463.0,107548,104283.0,103791.0,107110.0,207526.0,135100.0,6863,145951.0,6139.0,111482.0,6005,106535.0,7612,103363.0,109118.0,111504.0  -b 2018 -e 2019 -o new_release_part_3_26
sudo julia -p 7 fit_smiles.jl new_release_part_3_26
sudo julia -p 7 est_parameters.jl new_release_part_3_26
sudo rm data/raw_data/opt_data_new_release_part_3_26.csv
sudo rm data/raw_data/dist_data_new_release_part_3_26.csv
echo 'Done with group 26/84' >> tracking_file_new_release.txt

sudo python loading_data.py -s 146289.0,104975.0,135268.0,101609.0,147335.0,111704.0,107901.0,7462,106722.0,106879.0,112322.0,102333,7645,145734.0,110685.0,103717.0,213125.0,107989.0,102909.0,204238.0,116555.0,103391.0,106292.0,106982.0,154666.0,111543,5593,105536.0,8477,111190,203508.0,211898.0,6238.0,107199.0,127168.0,6809,136322.0,125059.0,103246.0,9469,208766.0,107735,112229.0,107941.0,104517.0,110491.0,7868,154316.0,166320.0,109659.0,106526.0,148635.0,109455.0,9107,129694.0,105991,5343,108683.0,129194.0,7339,6939,102544,162170.0,108417.0,129799.0,104295.0,109506.0,102275.0,124005.0,112426.0,9422,104818.0,9433,106615.0,101737.0,112638.0,102405.0,104196,123730.0,8084,106824,105143.0,104661.0,103373.0,125164.0,115154.0,148452.0,189846.0,154988.0,101729.0  -b 2018 -e 2019 -o new_release_part_3_27
sudo julia -p 7 fit_smiles.jl new_release_part_3_27
sudo julia -p 7 est_parameters.jl new_release_part_3_27
sudo rm data/raw_data/opt_data_new_release_part_3_27.csv
sudo rm data/raw_data/dist_data_new_release_part_3_27.csv
echo 'Done with group 27/84' >> tracking_file_new_release.txt

sudo python loading_data.py -s 205517.0,206146.0,105677.0,111494.0,155605.0,124135.0,8022,7633,104458,205515.0,108847.0,101362.0,114303.0,102395.0,189601.0,112602.0,121601.0,5723,116331.0,104688.0,110452.0,111303.0,213563.0,6128.0,151665.0,124062.0,128903.0,106957.0,109494.0,210379.0,102888.0,8838,105044.0,108015.0,122390.0,104756.0,207895.0,108521.0,114645.0,102082.0,104621,104553.0,138406.0,113119.0,204797.0,5416,5801,103169,134418.0,110328.0,104583.0,203292.0,108076.0,154931.0,8041,110743.0,104884.0,101794.0,8123,106865.0,9490,135338.0,207910.0,104067.0,133928.0,110478.0,135160.0,129650.0,109993.0,117643.0,104785,147216.0,101296.0,108426.0,101233.0,150855.0,109064.0,7624,8226,101325.0,109288.0,161467.0,122347.0,147798.0,111525.0,113751.0,211981.0,196078.0,110963.0,101716.0  -b 2018 -e 2019 -o new_release_part_3_28
sudo julia -p 7 fit_smiles.jl new_release_part_3_28
sudo julia -p 7 est_parameters.jl new_release_part_3_28
sudo rm data/raw_data/opt_data_new_release_part_3_28.csv
sudo rm data/raw_data/dist_data_new_release_part_3_28.csv
echo 'Done with group 28/84' >> tracking_file_new_release.txt

sudo python loading_data.py -s 105831.0,109517.0,106796.0,106749.0,109391,7256,110952.0,106123.0,129267.0,102576.0,109900.0,107292.0,208310.0,102918.0,104899.0,205075.0,128529.0,102622.0,5681,102027.0,108753.0,148229.0,6215,121671.0,102530.0,138637.0,102007.0,126939.0,118972.0,105841,127435.0,7229,9509,124032.0,103484.0,189268.0,139552.0,135132.0,155093.0,188551.0,140411.0,102337,126674.0,189752.0,111340.0,121223.0,108979.0,111469.0,121534.0,148602.0,102778.0,102717.0,117303.0,128810.0,106967.0,129172.0,104249,5019,135309.0,105987,102559.0,105910.0,101508.0,9337,116291.0,142939.0,108370.0,107500,128914.0,129427.0,5375,8823.0,105722.0,105551,5461,213086.0,116411.0,122394.0,111625,101758.0,115451.0,9242.0,107532.0,8378,104052.0,9246,111551.0,106676.0,110203.0,128540.0  -b 2018 -e 2019 -o new_release_part_3_29
sudo julia -p 7 fit_smiles.jl new_release_part_3_29
sudo julia -p 7 est_parameters.jl new_release_part_3_29
sudo rm data/raw_data/opt_data_new_release_part_3_29.csv
sudo rm data/raw_data/dist_data_new_release_part_3_29.csv
echo 'Done with group 29/84' >> tracking_file_new_release.txt

sudo python loading_data.py -s 125317.0,108533,105423.0,128530.0,6052,139662.0,204004.0,203949.0,105539.0,138708.0,104332.0,105553.0,100958.0,104780,212663.0,103560.0,107093.0,7575.0,113425.0,212965.0,102039.0,111233,111695.0,101965.0,101896.0,152005.0,102523.0,114245.0,125231.0,104414,129353.0,103778.0,114637.0,6008,101754.0,126662.0,135352.0,109503,151160.0,108781.0,5292,149582.0,124994.0,103293.0,105422.0,111147.0,189589.0,105862.0,7759,138925.0,5482,9099,133894.0,116763.0,129587.0,9511,7436,128618.0,114308.0,109812.0,127156.0,109190.0,207639.0,104689.0,142938.0,204024.0,105702.0,104222.0,155433.0,111622.0,6524.0,106491.0,6793,101510.0,143596.0,111693.0,111296.0,139650.0,139665.0,148637.0,128532.0,8964,110325.0,100993.0,151404.0,134419.0,102521.0,104722.0,188600.0,112459.0  -b 2018 -e 2019 -o new_release_part_3_30
sudo julia -p 7 fit_smiles.jl new_release_part_3_30
sudo julia -p 7 est_parameters.jl new_release_part_3_30
sudo rm data/raw_data/opt_data_new_release_part_3_30.csv
sudo rm data/raw_data/dist_data_new_release_part_3_30.csv
echo 'Done with group 30/84' >> tracking_file_new_release.txt

sudo python loading_data.py -s 117399.0,104996.0,100953.0,111316,5638,6762,112239.0,102312.0,135030.0,104939.0,134825.0,203282.0,110778,128745.0,107376,108006.0,109188.0,101923.0,127075.0,102846.0,107200.0,9118,105059.0,123008.0,6136,101518.0,106359,204724.0,134576.0,204369.0,101390,112314.0,144404.0,213049.0,104590.0,6556,8842,100874.0,205705.0,110562.0,103467.0,109895.0,140016.0,104174.0,107408.0,142829.0,137176.0,137687.0,110830.0,205862.0,140083.0,114699.0,134796.0,208688.0,125024.0,5676,124724.0,104809.0,152502.0,102884,111540.0,108239.0,103351.0,213211.0,109631.0,100967.0,105837.0,112302.0,212576.0,115279.0,126563.0,109347,151495.0,122578.0,108276,113737,166371.0,188723.0,123598.0,109588.0,102455.0,5464.0,138497.0,134037.0,101275.0,105779.0,108526,6825,102769.0,148470.0  -b 2018 -e 2019 -o new_release_part_3_31
sudo julia -p 7 fit_smiles.jl new_release_part_3_31
sudo julia -p 7 est_parameters.jl new_release_part_3_31
sudo rm data/raw_data/opt_data_new_release_part_3_31.csv
sudo rm data/raw_data/dist_data_new_release_part_3_31.csv
echo 'Done with group 31/84' >> tracking_file_new_release.txt

sudo python loading_data.py -s 8905,129865.0,103650.0,122063.0,9097.0,7592,208617.0,110553.0,211532.0,113046.0,122338.0,103334.0,109641.0,121202.0,104111.0,105695.0,106911.0,105010.0,155285.0,127209.0,127592.0,107864.0,105994.0,109538.0,122793.0,110540.0,111911.0,108741,107435.0,112075.0,111273.0,117839.0,152495.0,135458.0,110118.0,105655.0,109602.0,5440,106137.0,110226.0,6080.0,9356,109569.0,213547.0,189346.0,8218,111107.0,6869.0,9008,103835,203184.0,106494,101762.0,188809.0,145736.0,110390,107839.0,148770.0,111005.0,121693.0,101665.0,207618.0,105485.0,8439,103613.0,9364,9294,161020.0,101096.0,155919.0,109541.0,125062.0,8326,108366.0,103054.0,7279,108966,129136.0,110265,8799,9400.0,111448,114622.0,105758.0,106562.0,208212.0,123599.0,144552.0,112473.0,105171.0  -b 2018 -e 2019 -o new_release_part_3_32
sudo julia -p 7 fit_smiles.jl new_release_part_3_32
sudo julia -p 7 est_parameters.jl new_release_part_3_32
sudo rm data/raw_data/opt_data_new_release_part_3_32.csv
sudo rm data/raw_data/dist_data_new_release_part_3_32.csv
echo 'Done with group 32/84' >> tracking_file_new_release.txt

sudo python loading_data.py -s 101755.0,118988.0,109700.0,103291.0,211753.0,111647.0,210626.0,103032.0,104361.0,8466,129658.0,107460.0,122447.0,101216.0,5648,108404,8369,111350,144184.0,110638.0,139295.0,126703.0,8946,203954.0,189918.0,112885.0,112586.0,110135.0,207182.0,106675,6783,209321.0,7683.0,109584.0,211240.0,106323.0,103109.0,103483.0,8603,109988.0,142756.0,103436.0,111115.0,106008.0,120158.0,123888.0,101108.0,102875,138985.0,121816.0,105581.0,9114.0,108054.0,102074.0,213042.0,107920.0,101277.0,7180,111738.0,105095.0,102610.0,105037.0,140173.0,110293.0,107616.0,7252.0,112783.0,106659.0,134178.0,139658.0,107829.0,8348.0,8408,138504.0,102536.0,105122.0,112026.0,107217.0,101584,9144.0,109683.0,6406.0,108069.0,103720,207364.0,103804,108950.0,103397.0,139917.0,108048  -b 2018 -e 2019 -o new_release_part_3_33
sudo julia -p 7 fit_smiles.jl new_release_part_3_33
sudo julia -p 7 est_parameters.jl new_release_part_3_33
sudo rm data/raw_data/opt_data_new_release_part_3_33.csv
sudo rm data/raw_data/dist_data_new_release_part_3_33.csv
echo 'Done with group 33/84' >> tracking_file_new_release.txt

sudo python loading_data.py -s 111031.0,138760.0,138782.0,102163.0,101839.0,139734.0,107911.0,111300,7271,104452.0,207386.0,124772.0,106402.0,124948.0,103495.0,112512.0,189169.0,108414.0,139979.0,109673.0,115207.0,138930.0,121817.0,6623,189470.0,7253,116956.0,134797.0,138811.0,104513,111874,102974,107905.0,9495,109096.0,128216.0,113186.0,116896.0,112017.0,111433.0,103940.0,111904,104978.0,102826.0,127687.0,116909.0,144393.0,134777.0,115139.0,213188.0,104540.0,112268.0,8945,106519.0,8201,106700.0,103516.0,122118.0,207653.0,111172.0,102861.0,107202.0,142784.0,8840,111951.0,121815.0,204226.0,145709.0,103887.0,8898,5430,203367.0,126903.0,110694.0,189359.0,139806.0,108953.0,116470.0,106480.0,110629.0,110394.0,102145.0,142601.0,188542.0,128939.0,150920.0,104242.0,105211.0,108764.0,6290  -b 2018 -e 2019 -o new_release_part_3_34
sudo julia -p 7 fit_smiles.jl new_release_part_3_34
sudo julia -p 7 est_parameters.jl new_release_part_3_34
sudo rm data/raw_data/opt_data_new_release_part_3_34.csv
sudo rm data/raw_data/dist_data_new_release_part_3_34.csv
echo 'Done with group 34/84' >> tracking_file_new_release.txt

sudo python loading_data.py -s 107417.0,7595,101585.0,151829.0,144460.0,145664.0,212833.0,7522,109243.0,209709.0,107927.0,9472,207080.0,203985.0,110392,109217.0,108789.0,125203.0,116541.0,138642.0,148077.0,112250.0,101889,210494.0,101387.0,112096,139299.0,114015.0,113055.0,126969.0,116581.0,105715,109513.0,5334,138929.0,101928.0,102261.0,155273.0,6826,105392.0,128505.0,105880,212949.0,110314.0,127431.0,103643.0,9181,213378.0,101273.0,123611.0,110182.0,105146.0,108461.0,154904.0,152464.0,6958.0,121380.0,117633.0,117447.0,101917.0,139020.0,101288.0,212947.0,108961.0,108484,134648.0,108752,125510.0,108808,107811.0,9299,109928.0,138613.0,117660.0,134456.0,105326.0,6089.0,101317.0,213065.0,109637,116252.0,121771.0,189509.0,102638.0,103434.0,102240.0,6791,105642.0,129725.0,101403.0  -b 2018 -e 2019 -o new_release_part_3_35
sudo julia -p 7 fit_smiles.jl new_release_part_3_35
sudo julia -p 7 est_parameters.jl new_release_part_3_35
sudo rm data/raw_data/opt_data_new_release_part_3_35.csv
sudo rm data/raw_data/dist_data_new_release_part_3_35.csv
echo 'Done with group 35/84' >> tracking_file_new_release.txt

sudo python loading_data.py -s 106136,6561,106367.0,124746.0,152904.0,154816.0,110425.0,120062.0,8470,104854,129149.0,108368,111972.0,126699.0,150976.0,107350.0,109972.0,109983,141112.0,101097.0,105029.0,107406.0,105933.0,105842,101511.0,188488.0,162244.0,104595.0,101078,6790,135294.0,105794.0,103555,106885.0,113120.0,212810.0,109653.0,108049.0,8279.0,106818,111529.0,104584.0,109265.0,5492,106386.0,110781.0,8448,117085.0,134857.0,125612,9178,122356.0,125656.0,7306,111074.0,107898.0,128230.0,106784.0,109533.0,114631.0,111548.0,213866.0,104717.0,106564.0,102913.0,110227.0,103458.0,139254.0,107673.0,188511.0,213037.0,127330.0,148827.0,112556.0,104569.0,109139.0,8509.0,107823.0,151491.0,109244.0,102830.0,101880,6846,111778.0,111309.0,127578.0,102307,137249.0,137681.0,109330.0  -b 2018 -e 2019 -o new_release_part_3_36
sudo julia -p 7 fit_smiles.jl new_release_part_3_36
sudo julia -p 7 est_parameters.jl new_release_part_3_36
sudo rm data/raw_data/opt_data_new_release_part_3_36.csv
sudo rm data/raw_data/dist_data_new_release_part_3_36.csv
echo 'Done with group 36/84' >> tracking_file_new_release.txt

sudo python loading_data.py -s 102376.0,113073.0,8832,6260,129629.0,210074.0,115125,7978,125240.0,122036.0,128973.0,106070.0,113058.0,189800.0,145752.0,120698.0,112391.0,128739.0,125756.0,6236.0,109325,113109.0,7123,104262,102848.0,110099.0,213299.0,189210.0,8390.0,7494,5887,111000.0,135081.0,104238.0,138901.0,104983.0,105753,124722.0,116499.0,122329.0,115196.0,7130.0,122773.0,189593.0,107784.0,189332.0,119848.0,110343.0,9093,105253.0,104556.0,105233.0,203874.0,108693.0,147701.0,108890.0,105147.0,118433.0,127684.0,8512,111245.0,103412.0,145713.0,113072.0,125282.0,114514.0,128957.0,101189.0,104518.0,134553.0,116574.0,103763.0,120052.0,104616.0,134644.0,115944.0,203942.0,154446.0,105247,111707.0,117449.0,102639.0,138460.0,127552.0,121391.0,112156.0,6911,111672,7906,123724.0  -b 2018 -e 2019 -o new_release_part_3_37
sudo julia -p 7 fit_smiles.jl new_release_part_3_37
sudo julia -p 7 est_parameters.jl new_release_part_3_37
sudo rm data/raw_data/opt_data_new_release_part_3_37.csv
sudo rm data/raw_data/dist_data_new_release_part_3_37.csv
echo 'Done with group 37/84' >> tracking_file_new_release.txt

sudo python loading_data.py -s 110989.0,108597,116598.0,124437.0,109131.0,105755.0,105546.0,109840.0,110204.0,107068.0,139730.0,109427.0,8435,112128.0,5753,207744.0,109448.0,128710.0,143058.0,133883.0,110407.0,128931.0,6591.0,5625.0,108705,113436.0,5115,106245.0,5194.0,106769.0,104715,7622.0,105461,124010.0,145533.0,110338.0,138889.0,208458.0,211663.0,213804.0,137268.0,109416.0,106278.0,188918.0,105302.0,125474.0,188517.0,109864.0,135404.0,112124.0,106175.0,6534,189599.0,5182,6344,122344.0,104226.0,111917.0,5789,152913.0,108960,8734,204437.0,107307.0,109134.0,101681.0,120070.0,155242.0,8633,116557.0,8362.0,105888.0,128938.0,107916.0,205516.0,7538.0,9510,137674.0,212715.0,104524.0,117661.0,148581.0,123245.0,105451,103843,7441.0,108536.0,111332.0,112007,103647.0  -b 2018 -e 2019 -o new_release_part_3_38
sudo julia -p 7 fit_smiles.jl new_release_part_3_38
sudo julia -p 7 est_parameters.jl new_release_part_3_38
sudo rm data/raw_data/opt_data_new_release_part_3_38.csv
sudo rm data/raw_data/dist_data_new_release_part_3_38.csv
echo 'Done with group 38/84' >> tracking_file_new_release.txt

sudo python loading_data.py -s 108959.0,6923.0,103051.0,105731.0,107914.0,113141.0,7283.0,121756.0,8785,151780.0,153928.0,112668.0,135525.0,204476.0,106668.0,112632.0,208600.0,113967.0,203343.0,105196,152315.0,101934.0,128818.0,147663.0,8296.0,111673.0,102816.0,103918.0,106605.0,109747.0,115653.0,104388.0,108051.0,108790.0,104040.0,111940,107814.0,105954.0,109679,5981,166579.0,107289.0,7407.0,101045,138937.0,128058.0,116603.0,137273.0,105310.0,101607.0,101568.0,112400.0,116254.0,5036.0,7610,113165.0,6833,112599.0,109365.0,129175.0,147762.0,112652.0,101866.0,109152.0,151492.0,102344.0,110058.0,100888.0,110512.0,135443.0,112432.0,109626.0,104303.0,107903.0,8344,6569,116539.0,110377.0,106530.0,5467.0,6617.0,128209.0,213952.0,120162.0,117649.0,134188.0,142599.0,106117.0,8573,7504  -b 2018 -e 2019 -o new_release_part_3_39
sudo julia -p 7 fit_smiles.jl new_release_part_3_39
sudo julia -p 7 est_parameters.jl new_release_part_3_39
sudo rm data/raw_data/opt_data_new_release_part_3_39.csv
sudo rm data/raw_data/dist_data_new_release_part_3_39.csv
echo 'Done with group 39/84' >> tracking_file_new_release.txt

sudo python loading_data.py -s 105770.0,5558,212728.0,106262.0,5410,5226.0,9016.0,8119.0,101043.0,102761.0,109187.0,103812.0,133880.0,109616.0,109159.0,6618,205078.0,137091.0,109754.0,145989.0,108456.0,108369.0,106169.0,102401.0,138486.0,8510,134867.0,207852.0,101589.0,122065.0,102317.0,6938,189366.0,101873.0,108672.0,105089.0,6497.0,110307.0,133872.0,107740.0,106310.0,6996,213706.0,205664.0,134684.0,102682.0,8635,110141,7305,129646.0,109670,213510.0,103941.0,113015.0,125492.0,213501.0,111849.0,107822.0,116533.0,107859.0,115090.0,9153.0,124796.0,129575.0,105476.0,211261.0,104531.0,135403.0,112123.0,155302.0,105151.0,116311.0,108821.0,6766,109687.0,121747.0,117086.0,109149.0,6772,106966,5629,101183.0,110406.0,122791.0,111131.0,112037,108115.0,124999.0,107345.0,9515.0  -b 2018 -e 2019 -o new_release_part_3_40
sudo julia -p 7 fit_smiles.jl new_release_part_3_40
sudo julia -p 7 est_parameters.jl new_release_part_3_40
sudo rm data/raw_data/opt_data_new_release_part_3_40.csv
sudo rm data/raw_data/dist_data_new_release_part_3_40.csv
echo 'Done with group 40/84' >> tracking_file_new_release.txt

sudo python loading_data.py -s 102744.0,108892,204207.0,129291.0,102286.0,136328.0,116305.0,8618.0,119762.0,135275.0,134289.0,103984.0,107237.0,121962.0,108097.0,108763.0,145728.0,134794.0,5468,108595.0,150501.0,105307.0,6380,148441.0,111714.0,101098.0,5022,213899.0,107025.0,113861.0,101595.0,112816.0,103664.0,102847.0,101674.0,147760.0,107097.0,203891.0,105382.0,102593.0,6942.0,117288.0,6760,101543.0,7825,207631.0,9160.0,105510.0,105557.0,148408.0,110488.0,112368.0,9353,101136.0,121738.0,6181,139630.0,8826,134272.0,137559.0,102767.0,112960.0,110975.0,111095.0,5284.0,106980,102249.0,106343.0,110500.0,111788.0,8937,109473.0,142757.0,7479,138550.0,212302.0,203893.0,205074.0,124376.0,9258,5237,123305.0,104646.0,127190.0,210058.0,105286,137462.0,9029,109009.0,108975  -b 2018 -e 2019 -o new_release_part_3_41
sudo julia -p 7 fit_smiles.jl new_release_part_3_41
sudo julia -p 7 est_parameters.jl new_release_part_3_41
sudo rm data/raw_data/opt_data_new_release_part_3_41.csv
sudo rm data/raw_data/dist_data_new_release_part_3_41.csv
echo 'Done with group 41/84' >> tracking_file_new_release.txt

sudo python loading_data.py -s 108814.0,104000,147815.0,119962.0,126941.0,7724,107832.0,104542.0,5761,134017.0,9362,104450.0,101376.0,114515.0,5525,9285.0,5133,108002,133888.0,109281,127707.0,144523.0,104699.0,5498.0,104284.0,144515.0,124052.0,8367.0,109556.0,104625.0,8252.0,129733.0,8900,7876.0,204286.0,134158.0,102470,144282.0,110437.0,6047,101876.0,116264.0,127590.0,203876.0,8094,104336.0,102182.0,144290.0,102022.0,8395.0,106724.0,148113.0,9100,108098.0,212791.0,8221,208503.0,193061.0,189787.0,5183,111820.0,111329,109531.0,100937.0,106697.0,102726.0,135077.0,129752.0,104757.0,106111.0,110225,104627.0,101269.0,105665.0,110189.0,147338.0,109698.0,112603.0,113221.0,9512,8766.0,103065.0,9165,7330,105759.0,111663.0,213380.0,108152.0,120447.0,189687.0  -b 2018 -e 2019 -o new_release_part_3_42
sudo julia -p 7 fit_smiles.jl new_release_part_3_42
sudo julia -p 7 est_parameters.jl new_release_part_3_42
sudo rm data/raw_data/opt_data_new_release_part_3_42.csv
sudo rm data/raw_data/dist_data_new_release_part_3_42.csv
echo 'Done with group 42/84' >> tracking_file_new_release.txt

sudo python loading_data.py -s 105506.0,106832.0,128746.0,6205,204232.0,208309.0,105795.0,9149,110678.0,106973.0,105805.0,189611.0,105681.0,133889.0,101879.0,7896,109291.0,104753.0,105869.0,104611.0,105847,106752.0,188512.0,213446.0,101612.0,106336.0,148717.0,139727.0,109078.0,104801.0,205689.0,103376.0,128786.0,108094.0,7235.0,7138,8967,104291.0,119442.0,137230.0,6758,5895.0,209302.0,105818.0,112755.0,112129,113439,111686.0,104703.0,102393.0,103970.0,7824,108088,127000.0,124225.0,8170.0,108654.0,122549.0,105754.0,109434.0,8327,122037.0,142979.0,6098,104743.0,6971,102179.0,206298.0,106702.0,111537.0,111117,133946.0,108423.0,5915,111052.0,5551,106234.0,107873.0,103264,101860.0,110808.0,8852,108450.0,8711,8584,8696,206142.0,137665.0,203873.0,101773.0  -b 2018 -e 2019 -o new_release_part_3_43
sudo julia -p 7 fit_smiles.jl new_release_part_3_43
sudo julia -p 7 est_parameters.jl new_release_part_3_43
sudo rm data/raw_data/opt_data_new_release_part_3_43.csv
sudo rm data/raw_data/dist_data_new_release_part_3_43.csv
echo 'Done with group 43/84' >> tracking_file_new_release.txt

sudo python loading_data.py -s 104943.0,105098.0,104683.0,109481.0,107862,116333.0,114251.0,205202.0,204275.0,6045.0,7491,101081.0,108772.0,5123.0,211153.0,151077.0,108372.0,8233,213335.0,110757.0,6844,145745.0,105537,5720,8914,113217.0,139507.0,147801.0,103323.0,121383.0,105976.0,112612.0,108093.0,139591.0,123293.0,145725.0,105379.0,189728.0,204181.0,106239.0,9421,206151.0,112744.0,7258,116939.0,166831.0,134155.0,137450.0,148317.0,101089.0,112549.0,109082.0,105586.0,104260.0,104058.0,7959.0,5132,129264.0,108576.0,135069.0,109026,113056.0,5258,109172.0,109512.0,154889.0,213792.0,206467.0,121575.0,139404.0,137697.0,137930.0,129483.0,8338,6872,204857.0,107047.0,105974.0,6508.0,134905.0,120981.0,108398,110384,114698.0,139660.0,155256.0,100896.0,6373,125589.0,9552  -b 2018 -e 2019 -o new_release_part_3_44
sudo julia -p 7 fit_smiles.jl new_release_part_3_44
sudo julia -p 7 est_parameters.jl new_release_part_3_44
sudo rm data/raw_data/opt_data_new_release_part_3_44.csv
sudo rm data/raw_data/dist_data_new_release_part_3_44.csv
echo 'Done with group 44/84' >> tracking_file_new_release.txt

sudo python loading_data.py -s 204278.0,105108,104208,125138.0,129736.0,213906.0,123721.0,8588.0,112208,125234.0,134774.0,106176.0,6866,144644.0,112338.0,106412.0,209929.0,104154.0,101822,138316.0,148318.0,108001.0,7429,105488.0,104679.0,107177.0,5641,9427,105187.0,105653.0,137101.0,9140,205665.0,105815.0,127813.0,109973.0,104630.0,142940.0,124190.0,106680.0,117694.0,106812.0,123613.0,116417.0,8646,109202.0,109186.0,109978.0,213640.0,105477,107687.0,109694.0,128018.0,104536,123546.0,209483.0,104720.0,152485.0,104509.0,154901.0,207215.0,101037.0,107440.0,101473,188663.0,107105.0,101156,207035.0,108646.0,213717.0,112533.0,166717.0,8572,108063.0,107514.0,104832.0,104894,104796.0,6291,112363.0,101212.0,142518.0,107676.0,213702.0,111860.0,129788.0,104526,103439.0,112145.0,106809.0  -b 2018 -e 2019 -o new_release_part_3_45
sudo julia -p 7 fit_smiles.jl new_release_part_3_45
sudo julia -p 7 est_parameters.jl new_release_part_3_45
sudo rm data/raw_data/opt_data_new_release_part_3_45.csv
sudo rm data/raw_data/dist_data_new_release_part_3_45.csv
echo 'Done with group 45/84' >> tracking_file_new_release.txt

sudo python loading_data.py -s 108466.0,206404.0,102956.0,136209.0,152419.0,106822.0,106113.0,209319.0,101733.0,6262,111287.0,128761.0,113715.0,128627.0,129712.0,8790,112649.0,9366,102599.0,161391.0,109620.0,112535.0,129798.0,102143.0,109676.0,129419.0,101927.0,107653.0,9215,102076.0,9288,206321.0,8098.0,104216.0,123752.0,123596.0,102166.0,117650.0,108699.0,6705,134375.0,148295.0,121785.0,105245.0,212836.0,151426.0,155808.0,135431.0,138737.0,138990.0,8235,6640,112116.0,8606,109071.0,5517,104827.0,108458.0,112377.0,109043.0,109226.0,6337,107233,112427.0,203999.0,108209.0,117083.0,111822.0,110697,111021.0,103896.0,121382.0,108631.0,124008.0,108876.0,102361,109133.0,212403.0,109748.0,111180.0,204401.0,112306.0,114321.0,6788,129019.0,104440,112752.0,105640.0,116575.0,127028.0  -b 2018 -e 2019 -o new_release_part_3_46
sudo julia -p 7 fit_smiles.jl new_release_part_3_46
sudo julia -p 7 est_parameters.jl new_release_part_3_46
sudo rm data/raw_data/opt_data_new_release_part_3_46.csv
sudo rm data/raw_data/dist_data_new_release_part_3_46.csv
echo 'Done with group 46/84' >> tracking_file_new_release.txt

sudo python loading_data.py -s 105555.0,109577.0,7207.0,139486.0,105623,126567.0,6288,129746.0,8353,189577.0,151719.0,111207.0,116236.0,145813.0,107918.0,111621.0,102554,213585.0,107763.0,112681.0,212450.0,128753.0,166739.0,138241.0,111132.0,128059.0,8850,103539,112224.0,104427.0,109530.0,125942.0,103888.0,105868.0,101326.0,148518.0,204467.0,139946.0,129821.0,204395.0,139956.0,8067,109232.0,103151.0,108755.0,127191.0,113216.0,8163.0,101207.0,104457.0,125116.0,103693.0,107163.0,5296,9084,213599.0,100869.0,112013.0,8212,126695.0,135400.0,112390.0,210217.0,107196.0,128040.0,154927.0,155325.0,104292.0,8444,212020.0,122387.0,108759,135205.0,110896.0,207031.0,108385.0,109814.0,110676.0,110201.0,129374.0,189757.0,106689.0,110927.0,122384.0,140005.0,129576.0,111850,107812.0,137675.0,123111.0  -b 2018 -e 2019 -o new_release_part_3_47
sudo julia -p 7 fit_smiles.jl new_release_part_3_47
sudo julia -p 7 est_parameters.jl new_release_part_3_47
sudo rm data/raw_data/opt_data_new_release_part_3_47.csv
sudo rm data/raw_data/dist_data_new_release_part_3_47.csv
echo 'Done with group 47/84' >> tracking_file_new_release.txt

sudo python loading_data.py -s 102984.0,116780.0,8814.0,5196,106130,116065.0,111345,112112.0,105350.0,207093.0,105782.0,105243.0,110077.0,207361.0,105688.0,102418.0,104842.0,6567,102809.0,111632.0,128945.0,108120.0,213576.0,102045.0,133876.0,110683.0,104369.0,103411,101453.0,213668.0,8998.0,208295.0,205912.0,108760.0,6858,206189.0,121604.0,6504,127195.0,108004.0,5060,112287.0,8810.0,112406.0,108155.0,138391.0,125051.0,121557.0,211983.0,8389,126920.0,5772,122362.0,117647.0,116389.0,135092.0,108216.0,108972.0,6776,8504,106872.0,102310.0,111999,7415,8648,151414.0,108100.0,148269.0,104357.0,6198,104724.0,114386.0,109370.0,112159.0,7015.0,112519.0,108439.0,5911,212419.0,110828.0,205677.0,107835.0,116492.0,107137.0,104619.0,109833.0,107452.0,126692.0,124022.0,7754  -b 2018 -e 2019 -o new_release_part_3_48
sudo julia -p 7 fit_smiles.jl new_release_part_3_48
sudo julia -p 7 est_parameters.jl new_release_part_3_48
sudo rm data/raw_data/opt_data_new_release_part_3_48.csv
sudo rm data/raw_data/dist_data_new_release_part_3_48.csv
echo 'Done with group 48/84' >> tracking_file_new_release.txt

sudo python loading_data.py -s 110997.0,102548.0,5456,119432.0,102787.0,126656.0,5908,147278.0,8581,146285.0,103524,107749.0,106790.0,103486.0,6590.0,112789.0,161031.0,5958.0,106952.0,139389.0,203946.0,113462.0,213048.0,101937.0,5760.0,213132.0,109639.0,6025,205149.0,115185.0,112626.0,206123.0,210821.0,121967.0,8155,7618.0,129249.0,7625.0,113024.0,212294.0,119830.0,103985.0,212296.0,109564.0,7849,102512.0,106230.0,135323.0,121752.0,8812,110547.0,148884.0,105210.0,101826,128610.0,128231.0,106714.0,9077,103115.0,105141,116295.0,109248.0,129566.0,125143.0,213569.0,107256,6199,6733,8689,189364.0,106926.0,104007.0,151411.0,7210.0,8158.0,116288.0,103746,5939.0,117630.0,119889.0,189471.0,7244,152145.0,207456.0,5241.0,210330.0,7727,109938.0,7600,103250.0  -b 2018 -e 2019 -o new_release_part_3_49
sudo julia -p 7 fit_smiles.jl new_release_part_3_49
sudo julia -p 7 est_parameters.jl new_release_part_3_49
sudo rm data/raw_data/opt_data_new_release_part_3_49.csv
sudo rm data/raw_data/dist_data_new_release_part_3_49.csv
echo 'Done with group 49/84' >> tracking_file_new_release.txt

sudo python loading_data.py -s 7544,105308.0,8147,8037,101514.0,8087,112499.0,102197.0,127757.0,109553.0,154332.0,213050.0,7402.0,102191.0,213074.0,5028,8409.0,110236.0,166323.0,126991.0,136325.0,111764.0,206140.0,101298.0,213316.0,129588.0,125128.0,107535.0,5457.0,150743.0,135027.0,6568,109166.0,107374,9085,104024.0,161567.0,111128.0,148579.0,5489,104546.0,110126,8730,154933.0,102504,105058.0,104391.0,144630.0,123716.0,145978.0,119431.0,109362.0,106409.0,110763.0,108841.0,111823.0,108828.0,104529.0,213215.0,137359.0,119970.0,104944.0,103927.0,123376.0,108639.0,102133.0,126751.0,109208.0,125298.0,5619,104732.0,140348.0,110950.0,7285,116958.0,122926.0,8112,5785,108786.0,105685,137654.0,5483,112988.0,117648.0,114296.0,9040,109349.0,108838.0,133891.0,7501  -b 2018 -e 2019 -o new_release_part_3_50
sudo julia -p 7 fit_smiles.jl new_release_part_3_50
sudo julia -p 7 est_parameters.jl new_release_part_3_50
sudo rm data/raw_data/opt_data_new_release_part_3_50.csv
sudo rm data/raw_data/dist_data_new_release_part_3_50.csv
echo 'Done with group 50/84' >> tracking_file_new_release.txt

sudo python loading_data.py -s 118966.0,111060.0,7858,116954.0,139021.0,105867.0,111489.0,101307.0,101684.0,124330.0,106811.0,204870.0,106878.0,142619.0,5462,213001.0,109482.0,103005.0,129716.0,116057.0,139403.0,211985.0,161674.0,111217.0,108104.0,101059.0,107322.0,110082,116357.0,101833.0,137552.0,104079.0,102661.0,9307.0,113014.0,7999,151400.0,5776,7676.0,104952.0,7851,110282.0,125813.0,139750.0,111327.0,6103,101194.0,121778.0,123627.0,101237,134159.0,112150,108908.0,110147.0,111748.0,107998.0,166477.0,111866.0,6727,108528.0,113726.0,109367.0,211973.0,109822,101961.0,166693.0,125977.0,104511.0,208456.0,112794.0,127618.0,133895.0,103614.0,101018,5313,161432.0,101227.0,101241.0,109443.0,205690.0,105776,137587.0,107302.0,139977.0,188621.0,122027.0,105968.0,9525.0,107031.0,213051.0  -b 2018 -e 2019 -o new_release_part_3_51
sudo julia -p 7 fit_smiles.jl new_release_part_3_51
sudo julia -p 7 est_parameters.jl new_release_part_3_51
sudo rm data/raw_data/opt_data_new_release_part_3_51.csv
sudo rm data/raw_data/dist_data_new_release_part_3_51.csv
echo 'Done with group 51/84' >> tracking_file_new_release.txt

sudo python loading_data.py -s 8939,112983.0,128756.0,101661,213876.0,213073.0,6079,210920.0,121695.0,6635,5052,107455.0,111408.0,139771.0,107114.0,8657,189795.0,124187.0,211323.0,8659,133998.0,103537.0,101134.0,106864.0,137085.0,147279.0,127070.0,9048,107671.0,123593.0,8110,104674.0,5917,113975.0,102271.0,105960.0,101377.0,112169.0,108059.0,136207.0,203474.0,207606.0,122528.0,203330.0,145789.0,126777.0,121687.0,115418.0,104393.0,115388.0,212242.0,146287.0,6090.0,129864.0,116628.0,104968,120085.0,108446.0,127756.0,129496.0,6145,161292.0,111193,101472.0,144551.0,114322.0,101670,113135.0,127743.0,106932.0,120108.0,113989.0,102169.0,101193.0,128012.0,102047,128742.0,127524.0,213362.0,148226.0,105603,5592,105594,105711.0,116409.0,110428.0,128069.0,134152.0,104046.0,112341.0  -b 2018 -e 2019 -o new_release_part_3_52
sudo julia -p 7 fit_smiles.jl new_release_part_3_52
sudo julia -p 7 est_parameters.jl new_release_part_3_52
sudo rm data/raw_data/opt_data_new_release_part_3_52.csv
sudo rm data/raw_data/dist_data_new_release_part_3_52.csv
echo 'Done with group 52/84' >> tracking_file_new_release.txt

sudo python loading_data.py -s 5631,136217.0,137780.0,8617,8753,213075.0,106188.0,107631.0,128542.0,138322.0,161081.0,105844.0,128736.0,7684.0,111438.0,121797.0,111889.0,101764.0,107276.0,111382.0,209478.0,116915.0,125188.0,120049.0,106859,7988,115933.0,8340.0,111045.0,103987,213100.0,106609.0,154333.0,101140.0,5968.0,134028.0,119873.0,6663.0,133975.0,8006.0,123729.0,105299.0,110081,102252.0,111487.0,111845.0,101715.0,144287.0,145938.0,124324.0,129839.0,124905.0,106011.0,203896.0,134872.0,108816.0,112978.0,138678.0,147528.0,104151.0,122008.0,128926.0,116263.0,113996.0,109030.0,212773.0,145535.0,142998.0,114013.0,122062.0,208904.0,129663.0,108053.0,108517.0,110740.0,104850,108211.0,148400.0,122577.0,151908.0,5608,150889.0,101957.0,104617.0,109251.0,104828.0,102636.0,107130,114493.0,8172  -b 2018 -e 2019 -o new_release_part_3_53
sudo julia -p 7 fit_smiles.jl new_release_part_3_53
sudo julia -p 7 est_parameters.jl new_release_part_3_53
sudo rm data/raw_data/opt_data_new_release_part_3_53.csv
sudo rm data/raw_data/dist_data_new_release_part_3_53.csv
echo 'Done with group 53/84' >> tracking_file_new_release.txt

sudo python loading_data.py -s 120140.0,105343.0,135153.0,119891.0,154995.0,9394,106353.0,108493.0,204498.0,102107.0,137775.0,111918.0,8746,160600.0,5341,103886.0,8757,209426.0,110595.0,151790.0,205678.0,105019.0,108692.0,5034,212516.0,129133.0,104106.0,110637.0,107120,135435.0,103117,8546,103521.0,7332,107066.0,105178.0,109273.0,112286,205813.0,106608.0,5530,161220.0,138513.0,101676.0,107015.0,102013.0,111671.0,108005.0,101763.0,105355.0,125608.0,210357.0,205575.0,103573.0,128644.0,107661.0,101334.0,212460.0,116951.0,106131.0,5337.0,135422.0,5459,104910.0,115455.0,6773,144631.0,5203,162317.0,103148.0,109561,111389,211854.0,112217.0,134156.0,107827.0,5184,101284,103212.0,138461.0,125175.0,143557.0,121527.0,125222.0,109106.0,111715,111185,111943.0,109407,188536.0  -b 2018 -e 2019 -o new_release_part_3_54
sudo julia -p 7 fit_smiles.jl new_release_part_3_54
sudo julia -p 7 est_parameters.jl new_release_part_3_54
sudo rm data/raw_data/opt_data_new_release_part_3_54.csv
sudo rm data/raw_data/dist_data_new_release_part_3_54.csv
echo 'Done with group 54/84' >> tracking_file_new_release.txt

sudo python loading_data.py -s 210783.0,101313.0,121818.0,210342.0,107523.0,154548.0,112316.0,7539,101766,142813.0,102008.0,8178,105003.0,125066.0,101768.0,129246.0,129123.0,114301.0,7374,123311.0,107990.0,107037.0,105901.0,125775.0,114680.0,5980,111967.0,124738.0,121559.0,7841,109570.0,213217.0,102547,111457.0,154326.0,8127,127482.0,101392.0,126940.0,118970.0,111670.0,108931,210408.0,105164.0,148482.0,104654.0,107544.0,6370,6028,109985.0,110644.0,8430,103873,123167.0,127744.0,111675.0,111847.0,108191.0,112788.0,8471.0,8495.0,121366.0,104186,114496.0,112644.0,211538.0,209826.0,104966.0,6274.0,107377.0,101680.0,104618.0,113934.0,104147.0,125047.0,104265.0,108545.0,142950.0,114234.0,112093,107422,210351.0,5463,213519.0,101867,121772.0,111209.0,106631,103330.0,110349.0  -b 2018 -e 2019 -o new_release_part_3_55
sudo julia -p 7 fit_smiles.jl new_release_part_3_55
sudo julia -p 7 est_parameters.jl new_release_part_3_55
sudo rm data/raw_data/opt_data_new_release_part_3_55.csv
sudo rm data/raw_data/dist_data_new_release_part_3_55.csv
echo 'Done with group 55/84' >> tracking_file_new_release.txt

sudo python loading_data.py -s 139296.0,111069.0,105501.0,103375.0,105185.0,102463.0,126976.0,101115.0,188538.0,103267.0,131149.0,101841,112480.0,205071.0,211117.0,154325.0,106985.0,110398.0,129582.0,9487,135343.0,115184.0,5074,155136.0,107962,6193,135102.0,161021.0,116400.0,115146.0,104960.0,108246.0,129757.0,204791.0,110598.0,104728.0,154821.0,136267.0,105039.0,109476.0,105878.0,118959.0,8813.0,138298.0,103252,204418.0,102864.0,6125.0,102426.0,104340.0,112639.0,112184.0,102696.0,154903.0,6572,101872.0,101058.0,108122,138242.0,107414.0,213183.0,133869.0,107207.0,137357.0,104080,109665.0,115201.0,129831.0,125658.0,208247.0,138517.0,111242,6675,139732.0,111430.0,111697,111322.0,128815.0,105077,110492.0,101736.0,207047.0,106270.0,8077.0,105508.0,104494.0,146053.0,105112.0,5345,104792  -b 2018 -e 2019 -o new_release_part_3_56
sudo julia -p 7 fit_smiles.jl new_release_part_3_56
sudo julia -p 7 est_parameters.jl new_release_part_3_56
sudo rm data/raw_data/opt_data_new_release_part_3_56.csv
sudo rm data/raw_data/dist_data_new_release_part_3_56.csv
echo 'Done with group 56/84' >> tracking_file_new_release.txt

sudo python loading_data.py -s 108995.0,9327,110658.0,152889.0,213487.0,105402.0,106005.0,9289,111995.0,204682.0,101127.0,120057.0,136303.0,121676.0,203183.0,103425.0,110456.0,204011.0,5290,6784,7153,129861.0,213038.0,127210.0,148564.0,138989.0,148506.0,121704.0,117809.0,7477,5812,103749.0,134450.0,107599.0,127165.0,118967.0,108441.0,139863.0,112393.0,103715.0,124238.0,210073.0,112119.0,133542.0,104276.0,122703.0,104615,211259.0,145786.0,9425,106667.0,134788.0,124955.0,109394.0,136273.0,109475,135273.0,105574.0,108253.0,105673,101955,134921.0,103501.0,138454.0,122623.0,189837.0,107942.0,103529.0,121606.0,139608.0,5268,129621.0,112151.0,111422.0,111840.0,105035.0,145676.0,138969.0,8719,111496.0,119841.0,7581,8559,8554,110277.0,204459.0,108785.0,113123.0,121514.0,106470.0  -b 2018 -e 2019 -o new_release_part_3_57
sudo julia -p 7 fit_smiles.jl new_release_part_3_57
sudo julia -p 7 est_parameters.jl new_release_part_3_57
sudo rm data/raw_data/opt_data_new_release_part_3_57.csv
sudo rm data/raw_data/dist_data_new_release_part_3_57.csv
echo 'Done with group 57/84' >> tracking_file_new_release.txt

sudo python loading_data.py -s 204023.0,212934.0,101978.0,211622.0,108367.0,109404.0,112528.0,205816.0,112494.0,208311.0,8301,121708.0,204001.0,147806.0,105347.0,103558.0,6278.0,154346.0,154834.0,106556.0,7895,204748.0,101253.0,112420.0,7766,8219,213270.0,102316.0,162013.0,109225.0,116031.0,110095.0,123102.0,137239.0,111038,102824,7528,110285.0,9492,205824.0,116961.0,128278.0,112082.0,121396.0,110253.0,8539,118975.0,114259.0,110317,5168,121694.0,101727.0,8412.0,107248.0,114246.0,116361.0,105890.0,151195.0,112385.0,147861.0,128754.0,154351.0,105900,107085,103188,107620,189943.0,112358.0,101133.0,104636.0,124262.0,103936.0,7454,211855.0,105850.0,103599.0,108514,105327.0,145974.0,8379,145983.0,134761.0,109403,135292.0,210765.0,210496.0,102555.0,104698.0,112052.0,110733.0  -b 2018 -e 2019 -o new_release_part_3_58
sudo julia -p 7 fit_smiles.jl new_release_part_3_58
sudo julia -p 7 est_parameters.jl new_release_part_3_58
sudo rm data/raw_data/opt_data_new_release_part_3_58.csv
sudo rm data/raw_data/dist_data_new_release_part_3_58.csv
echo 'Done with group 58/84' >> tracking_file_new_release.txt

sudo python loading_data.py -s 103788.0,113723.0,7935,142645.0,105858.0,204690.0,105664.0,107434.0,135086.0,109856.0,8678,9135,112371.0,116460.0,142766.0,102242,5601,8781,135127.0,121561.0,115454.0,104022.0,108497.0,210710.0,5305,109830.0,109419.0,111501.0,6324,106015.0,111167.0,111169.0,107355.0,109717,109619.0,110957.0,110383.0,209698.0,105967.0,104266.0,127033.0,129741.0,110750.0,107875.0,212969.0,127140.0,135058.0,124743.0,8598,5321.0,109280.0,7591,6457,103612.0,8547,104748.0,213300.0,116369.0,106156,8128,113064.0,204464.0,134184.0,135333.0,213793.0,111318.0,102655.0,100940.0,113054.0,8097.0,107286.0,9128,8357.0,108581.0,211422.0,103343.0,8663,213559.0,106189.0,129826.0,135460.0,102624.0,101152.0,102728,9328,133527.0,107681,129590.0,103622.0,166759.0  -b 2018 -e 2019 -o new_release_part_3_59
sudo julia -p 7 fit_smiles.jl new_release_part_3_59
sudo julia -p 7 est_parameters.jl new_release_part_3_59
sudo rm data/raw_data/opt_data_new_release_part_3_59.csv
sudo rm data/raw_data/dist_data_new_release_part_3_59.csv
echo 'Done with group 59/84' >> tracking_file_new_release.txt

sudo python loading_data.py -s 213582.0,108139.0,122557.0,123524.0,151265.0,5302,147915.0,138516.0,148440.0,101636.0,6152,205930.0,203270.0,134224.0,108320.0,212400.0,112892.0,8154.0,5156.0,128652.0,150458.0,107759.0,154582.0,104644.0,135440.0,127462.0,110922,108773.0,212771.0,115481.0,112202.0,106226.0,112592.0,102635.0,5729,123690.0,213066.0,112158.0,110448.0,116936.0,117080.0,135405.0,108912.0,137555.0,6621,101419.0,122341.0,102849.0,110468.0,142942.0,127615.0,122600.0,129648.0,126887.0,108792.0,213888.0,6794,151909.0,127021.0,8851,134860.0,109841.0,210518.0,106744.0,105650.0,101131.0,166890.0,7216,101625.0,115546.0,112659.0,101234,135072.0,7495.0,115470.0,104767.0,143110.0,103479.0,7136.0,116804.0,8033,110951.0,103020.0,108070.0,140441.0,209874.0,107691.0,105751.0,107083,108057.0  -b 2018 -e 2019 -o new_release_part_3_60
sudo julia -p 7 fit_smiles.jl new_release_part_3_60
sudo julia -p 7 est_parameters.jl new_release_part_3_60
sudo rm data/raw_data/opt_data_new_release_part_3_60.csv
sudo rm data/raw_data/dist_data_new_release_part_3_60.csv
echo 'Done with group 60/84' >> tracking_file_new_release.txt

sudo python loading_data.py -s 8806,207209.0,106618.0,161546.0,108224.0,139445.0,144153.0,110564.0,209298.0,154308.0,110207.0,116074.0,107043,134814.0,107118,151109.0,105966.0,108878,205456.0,5024,213665.0,107992.0,111802.0,104068.0,125716.0,103197.0,110306.0,124902.0,208438.0,107084.0,127437.0,213551.0,203997.0,107111.0,6129.0,5842.0,106143.0,5470,102574.0,121585.0,204492.0,111491.0,106266.0,110375.0,107000.0,110412.0,102840,108206.0,104528.0,104833.0,104181,6851,108210.0,111123.0,114244.0,135251.0,121217.0,5174,126564.0,104240.0,138631.0,112538.0,125491.0,108748.0,129217.0,8655,105807.0,139096.0,109090.0,102241,117828.0,9415,106040.0,121713.0,152125.0,119428.0,103919,106696.0,161548.0,111406.0,102699.0,110509.0,107305,8529.0,212198.0,122018.0,108261.0,122918.0,105886.0,107133.0  -b 2018 -e 2019 -o new_release_part_3_61
sudo julia -p 7 fit_smiles.jl new_release_part_3_61
sudo julia -p 7 est_parameters.jl new_release_part_3_61
sudo rm data/raw_data/opt_data_new_release_part_3_61.csv
sudo rm data/raw_data/dist_data_new_release_part_3_61.csv
echo 'Done with group 61/84' >> tracking_file_new_release.txt

sudo python loading_data.py -s 120051.0,139619.0,138502.0,116904.0,6801,110429.0,102251.0,110633,152905.0,5634,208408.0,115882.0,7386,110628,129232.0,155158.0,188912.0,126701.0,189784.0,134249.0,106800.0,166341.0,111288.0,7743.0,7195,9408,110718.0,9406,116916.0,147920.0,109324.0,107273.0,126923.0,127146.0,109042.0,5862.0,104366.0,101342,107185.0,106164.0,212916.0,206002.0,7018.0,124012.0,207091.0,8413.0,147695.0,121520.0,103793.0,105352.0,141942.0,103758.0,103015.0,129158.0,134382.0,8833,111862.0,125443.0,106815.0,154902.0,109539.0,166400.0,123086.0,140740.0,107593.0,107197.0,212518.0,140560.0,139246.0,116062.0,141953.0,113148.0,5873,116550.0,143519.0,102797.0,203571.0,107318.0,110657.0,135067.0,137141.0,139253.0,108039,111935.0,210304.0,209571.0,139386.0,119278.0,5935,101997.0  -b 2018 -e 2019 -o new_release_part_3_62
sudo julia -p 7 fit_smiles.jl new_release_part_3_62
sudo julia -p 7 est_parameters.jl new_release_part_3_62
sudo rm data/raw_data/opt_data_new_release_part_3_62.csv
sudo rm data/raw_data/dist_data_new_release_part_3_62.csv
echo 'Done with group 62/84' >> tracking_file_new_release.txt

sudo python loading_data.py -s 119890.0,6451,108131.0,105218,105639.0,104112.0,111048.0,103866.0,111405.0,109075.0,109611.0,210641.0,7567,111452.0,125484.0,109827.0,105697,118742.0,109839.0,213115.0,129584.0,101371,112163.0,105294,142968.0,109832.0,108337,110648.0,126714.0,102567.0,6823,154907.0,138300.0,113472.0,104121.0,8253,106834.0,102144.0,8976,107894.0,105110.0,112786.0,108522.0,122449.0,110815.0,125309.0,139112.0,125482.0,6491,8607.0,194070.0,108824.0,104027.0,8803,109977.0,109469,103708.0,208919.0,189813.0,127523.0,109737.0,151127.0,134645.0,213650.0,137391.0,108659.0,113437.0,113927.0,117799.0,112114.0,6518,110396.0,207857.0,102256,148301.0,213840.0,9488,5261.0,112790.0,213191.0,112103.0,109326.0,213531.0,107760,102736.0,6880,138984.0,207503.0,105713.0,213332.0  -b 2018 -e 2019 -o new_release_part_3_63
sudo julia -p 7 fit_smiles.jl new_release_part_3_63
sudo julia -p 7 est_parameters.jl new_release_part_3_63
sudo rm data/raw_data/opt_data_new_release_part_3_63.csv
sudo rm data/raw_data/dist_data_new_release_part_3_63.csv
echo 'Done with group 63/84' >> tracking_file_new_release.txt

sudo python loading_data.py -s 111072.0,122672.0,9471,8885,5969,102424.0,103119.0,135246.0,101459,110503.0,103946.0,112425.0,111997.0,103875,113924.0,139627.0,8525,116195.0,110593.0,116472.0,105735,105786.0,108335.0,101645,103523.0,154900.0,105614.0,5079,116960.0,103658.0,9223.0,106944,121543.0,129075.0,204785.0,106895.0,108813,111420.0,115228.0,102358.0,135302.0,103648.0,117676.0,125235.0,126952.0,101057.0,104763,108405.0,104903.0,102814.0,124719.0,114495.0,213832.0,108558,101011.0,109813.0,108904.0,110345.0,5834,8519.0,125462.0,134869.0,128808.0,213967.0,100944.0,112021.0,100998.0,211923.0,110885.0,104491.0,107886.0,8157,7601.0,205748.0,6511,110661.0,111731.0,109300.0,109874.0,137779.0,112335,6223,5814,106514.0,110417.0,8410,140010.0,209831.0,117110.0,105278.0  -b 2018 -e 2019 -o new_release_part_3_64
sudo julia -p 7 fit_smiles.jl new_release_part_3_64
sudo julia -p 7 est_parameters.jl new_release_part_3_64
sudo rm data/raw_data/opt_data_new_release_part_3_64.csv
sudo rm data/raw_data/dist_data_new_release_part_3_64.csv
echo 'Done with group 64/84' >> tracking_file_new_release.txt

sudo python loading_data.py -s 6778.0,138988.0,8983,108874.0,114858.0,151791.0,210772.0,139115.0,102308.0,101417.0,108014.0,108160.0,112751.0,129255.0,112448.0,148178.0,102999.0,114729.0,112088.0,212915.0,101278.0,106161,102831.0,106870,188564.0,101257.0,123007.0,8460,111208.0,121506.0,5732,148075.0,103850.0,147846.0,107405.0,123792.0,137179.0,129351.0,109592.0,207733.0,116777.0,103320.0,104774,111674.0,112218.0,102723.0,111312.0,102629.0,139325.0,5763,5875,209277.0,103393.0,120695.0,127466.0,108412.0,115210.0,114387.0,106107.0,109451.0,7167,148405.0,161096.0,103062,151905.0,101389.0,105227.0,121388.0,5664,120048.0,101887.0,7381,162019.0,7307,106614,121990.0,108541.0,208459.0,127451.0,109649.0,101679.0,120451.0,111894,106953.0,101509.0,100904.0,204221.0,123597.0,112270.0,7834  -b 2018 -e 2019 -o new_release_part_3_65
sudo julia -p 7 fit_smiles.jl new_release_part_3_65
sudo julia -p 7 est_parameters.jl new_release_part_3_65
sudo rm data/raw_data/opt_data_new_release_part_3_65.csv
sudo rm data/raw_data/dist_data_new_release_part_3_65.csv
echo 'Done with group 65/84' >> tracking_file_new_release.txt

sudo python loading_data.py -s 5694,125310.0,109908.0,119448.0,102543,102211.0,122489.0,102683.0,105264.0,5429,128534.0,7681.0,105466.0,108744.0,107054.0,103514.0,9350,103153.0,210532.0,135411.0,108804.0,109445.0,126931.0,166810.0,206174.0,102023.0,109284.0,212436.0,205064.0,203169.0,101424.0,111113.0,102822.0,101240.0,101921.0,139366.0,123295.0,189278.0,133907.0,129683.0,160595.0,7812.0,203468.0,6114.0,116784.0,213354.0,104530.0,7181,103217.0,120924.0,116286.0,105535.0,103116.0,129739.0,112637.0,117679.0,209555.0,6708,152881.0,102716,112893.0,101282.0,106399.0,6388,114640.0,107752,101523.0,137464.0,203943.0,101187.0,121374.0,210312.0,106713.0,103409.0,7750,125296.0,213771.0,107629.0,143020.0,8804.0,103679.0,137111.0,103530.0,119436.0,124170.0,101668.0,106032,120163.0,138776.0,104329.0  -b 2018 -e 2019 -o new_release_part_3_66
sudo julia -p 7 fit_smiles.jl new_release_part_3_66
sudo julia -p 7 est_parameters.jl new_release_part_3_66
sudo rm data/raw_data/opt_data_new_release_part_3_66.csv
sudo rm data/raw_data/dist_data_new_release_part_3_66.csv
echo 'Done with group 66/84' >> tracking_file_new_release.txt

sudo python loading_data.py -s 126568.0,106871,152306.0,205847.0,106640.0,161208.0,113066.0,134183.0,189740.0,137472.0,145790.0,205938.0,110847.0,205767.0,105452.0,109355.0,204311.0,134692.0,111880.0,101741.0,121959.0,213865.0,124766.0,109890.0,152081.0,111402.0,105877.0,123848.0,106886,101199.0,112601.0,126180.0,188880.0,102061.0,9088,9418,103352,5193,123619.0,111936,104682,210384.0,110636,6239,110973.0,118651.0,135346.0,110884.0,116310.0,129740.0,102415.0,9087.0,154829.0,103859.0,102371.0,119447.0,151150.0,115132.0,151262.0,213546.0,7192,147694.0,110405.0,103868.0,109241.0,6391.0,138837.0,111624.0,9419,101780.0,105214,107003.0,203894.0,125487.0,110121.0,109590.0,105826.0,105372,109392.0,107568,104799.0,8150,106483.0,109363.0,8202,204287.0,101339.0,107381,110231.0,6688  -b 2018 -e 2019 -o new_release_part_3_67
sudo julia -p 7 fit_smiles.jl new_release_part_3_67
sudo julia -p 7 est_parameters.jl new_release_part_3_67
sudo rm data/raw_data/opt_data_new_release_part_3_67.csv
sudo rm data/raw_data/dist_data_new_release_part_3_67.csv
echo 'Done with group 67/84' >> tracking_file_new_release.txt

sudo python loading_data.py -s 145980.0,117800.0,161468.0,117432.0,208028.0,113926.0,103551.0,114642.0,5861.0,105446.0,203939.0,106127.0,104062.0,112281.0,204689.0,123715.0,7564,122116.0,6118.0,139928.0,101104.0,147252.0,139033.0,109442.0,111321.0,166744.0,8394,101158.0,213135.0,8508,116895.0,104920,189788.0,125069.0,8139,155309.0,101942,114868.0,7956,111896.0,102794.0,107359.0,108997.0,105708.0,108665.0,211692.0,110993.0,104014.0,213296.0,103259.0,124740.0,102710.0,111437.0,110597.0,116585.0,108263.0,110669.0,107160.0,114283.0,148487.0,6660.0,213968.0,102920.0,103536.0,107868.0,139378.0,188953.0,109374.0,104592.0,6144,101626.0,135091.0,154645.0,102844.0,134835.0,129847.0,103703.0,108575.0,188902.0,114647.0,114220.0,107670.0,8272,5223.0,117416.0,108435.0,7275,109120.0,109334.0,9315  -b 2018 -e 2019 -o new_release_part_3_68
sudo julia -p 7 fit_smiles.jl new_release_part_3_68
sudo julia -p 7 est_parameters.jl new_release_part_3_68
sudo rm data/raw_data/opt_data_new_release_part_3_68.csv
sudo rm data/raw_data/dist_data_new_release_part_3_68.csv
echo 'Done with group 68/84' >> tracking_file_new_release.txt

sudo python loading_data.py -s 213735.0,112712.0,142958.0,102712.0,206659.0,105590.0,110032.0,6563,107424.0,108454.0,134705.0,5533,123104.0,139049.0,110621.0,137550.0,105865.0,109627.0,105176,144155.0,155601.0,112073.0,110592.0,129531.0,101007.0,8443,133940.0,203989.0,125461.0,127526.0,8543.0,110795.0,105675.0,108499.0,106844.0,143129.0,115096.0,105125.0,145936.0,116348,105365.0,117652.0,6681,5680,116599.0,110729.0,112810.0,148320.0,204438.0,119844.0,102364.0,5392,103301,7202,104681.0,104032.0,106621.0,104514,5656,5250,102172,5319,127318.0,112462.0,128259.0,104302,9141,126562.0,107573.0,156330.0,101719.0,7412.0,107702,212959.0,105052,106389.0,109575.0,9167,139530.0,102012.0,108033,107402.0,144347.0,111667.0,142944.0,105962.0,111363.0,118890.0,108207.0,210847.0  -b 2018 -e 2019 -o new_release_part_3_69
sudo julia -p 7 fit_smiles.jl new_release_part_3_69
sudo julia -p 7 est_parameters.jl new_release_part_3_69
sudo rm data/raw_data/opt_data_new_release_part_3_69.csv
sudo rm data/raw_data/dist_data_new_release_part_3_69.csv
echo 'Done with group 69/84' >> tracking_file_new_release.txt

sudo python loading_data.py -s 209978.0,105215.0,213179.0,133964.0,104634.0,151363.0,114302.0,160581.0,103008.0,143084.0,127073.0,9133.0,7922,110914.0,111237.0,106170.0,6818,129766.0,9437.0,104461.0,102513.0,138503.0,104360.0,135075.0,116466.0,8960.0,102289.0,109450.0,127809.0,134205.0,211715.0,102747,109574.0,123654.0,103513.0,109557.0,108723.0,126902.0,107988.0,109582.0,124906.0,8865,113717,204786.0,128814.0,7148,208460.0,107594.0,108044.0,9434.0,107007.0,139453.0,213878.0,116802.0,161433.0,108327.0,122777.0,102935,5754,134550.0,104170.0,110074.0,138468.0,133983.0,103045.0,117794.0,111766,108502.0,104316.0,101982.0,121512.0,103066.0,121639.0,107264.0,103617.0,107891.0,145733.0,125028.0,104233.0,6038,139695.0,125976.0,145723.0,9004,6308,129564.0,139611.0,152058.0,152493.0,161098.0  -b 2018 -e 2019 -o new_release_part_3_70
sudo julia -p 7 fit_smiles.jl new_release_part_3_70
sudo julia -p 7 est_parameters.jl new_release_part_3_70
sudo rm data/raw_data/opt_data_new_release_part_3_70.csv
sudo rm data/raw_data/dist_data_new_release_part_3_70.csv
echo 'Done with group 70/84' >> tracking_file_new_release.txt

sudo python loading_data.py -s 8398,100931.0,104472.0,189576.0,121611.0,103150.0,8867,122929.0,107176.0,102650,108771.0,105255.0,116395.0,7113,189722.0,111991.0,7569.0,113974.0,107446.0,107296.0,109460.0,101634.0,189913.0,7933,112370.0,116500.0,117073.0,6318,140081.0,101173.0,104849.0,8240,102925.0,5017,110369.0,102556.0,124901.0,134547.0,108653.0,103541.0,104825.0,109110.0,103584.0,108163.0,100907.0,6678,101264.0,110972.0,212590.0,212206.0,111164.0,118740.0,104043.0,212064.0,110427.0,126664.0,105017.0,127546.0,107991.0,111019,207294.0,7268.0,134906.0,107127.0,9442.0,9497,103314.0,6270.0,204527.0,126924.0,8146.0,104481.0,110138.0,111973.0,108737.0,5248.0,104675.0,112546.0,205046.0,138914.0,105906,115215.0,109838.0,102291.0,5309,112162,113115.0,112799.0,112548.0,135290.0  -b 2018 -e 2019 -o new_release_part_3_71
sudo julia -p 7 fit_smiles.jl new_release_part_3_71
sudo julia -p 7 est_parameters.jl new_release_part_3_71
sudo rm data/raw_data/opt_data_new_release_part_3_71.csv
sudo rm data/raw_data/dist_data_new_release_part_3_71.csv
echo 'Done with group 71/84' >> tracking_file_new_release.txt

sudo python loading_data.py -s 110822.0,5322,127557.0,112359.0,134552.0,110386,108726,107587.0,8511,101660.0,151940.0,104016.0,7189.0,116076.0,102829.0,8909,110541.0,212241.0,8834,129017.0,8577,145632.0,112028.0,101092,100986.0,103418,111635.0,138941.0,138992.0,110640.0,102388.0,109693.0,112248.0,6619.0,134157.0,119847.0,108853.0,108767.0,5297,166692.0,110548.0,189187.0,189190.0,116996.0,7442,161065.0,135207.0,101280.0,109560.0,103491.0,111390,112311.0,188922.0,8874,101807.0,102659.0,119879.0,111838.0,104764.0,128670.0,101547.0,207585.0,105789.0,105342.0,212406.0,5389,112271.0,5091,5232,107340,129183.0,106272.0,8674.0,204249.0,5765,105468.0,188655.0,128135.0,118091.0,106793.0,8928.0,204686.0,103284.0,154987.0,105836.0,106836.0,127559.0,113059.0,125177.0,105923.0  -b 2018 -e 2019 -o new_release_part_3_72
sudo julia -p 7 fit_smiles.jl new_release_part_3_72
sudo julia -p 7 est_parameters.jl new_release_part_3_72
sudo rm data/raw_data/opt_data_new_release_part_3_72.csv
sudo rm data/raw_data/dist_data_new_release_part_3_72.csv
echo 'Done with group 72/84' >> tracking_file_new_release.txt

sudo python loading_data.py -s 108996,139232.0,189702.0,102092.0,112486.0,146291.0,102904.0,127613.0,107856.0,111705.0,151413.0,205932.0,6539.0,104145.0,135118.0,138884.0,103156,148139.0,5397,104125.0,8962,134267.0,5722.0,128633.0,108236.0,103475.0,106072.0,111744.0,8135,146052.0,121558.0,134597.0,102123,124327.0,8667,145973.0,102088.0,107368.0,6848,189195.0,110186,111393.0,154550.0,137463.0,113784.0,127207.0,109667.0,102820.0,139329.0,102029,205703.0,111243,204219.0,112453.0,213689.0,9143,110391.0,8244,111015.0,122842.0,116408.0,111276.0,155809.0,138380.0,107021.0,109797.0,212999.0,113086.0,133906.0,102876,8427,107520,103077.0,107453.0,213523.0,102281.0,196077.0,108801,101452.0,5100.0,109534.0,101840,109060.0,138471.0,102060.0,110324.0,109025.0,9232.0,108092.0,142787.0  -b 2018 -e 2019 -o new_release_part_3_73
sudo julia -p 7 fit_smiles.jl new_release_part_3_73
sudo julia -p 7 est_parameters.jl new_release_part_3_73
sudo rm data/raw_data/opt_data_new_release_part_3_73.csv
sudo rm data/raw_data/dist_data_new_release_part_3_73.csv
echo 'Done with group 73/84' >> tracking_file_new_release.txt

sudo python loading_data.py -s 147690.0,8604.0,121201.0,104382.0,7909.0,145794.0,102731.0,108151.0,210625.0,100863.0,5869.0,129387.0,139452.0,9025,5721.0,106325.0,211107.0,108599.0,113470.0,151000.0,103056.0,209446.0,109678.0,110667.0,112183.0,127470.0,110033.0,137448.0,101236.0,109433.0,135266.0,7074.0,109345.0,134045.0,111638.0,107554.0,116998.0,114673.0,109165,101863.0,104885,6945,111293.0,188612.0,137402.0,116912.0,7434,109197.0,104475.0,113973.0,104280.0,112347.0,118891.0,112203.0,6058,151071.0,104470.0,189960.0,110819.0,106566.0,102582.0,112173.0,103824,101423.0,122930.0,120456.0,8474,110153.0,5253.0,102764,213232.0,102793.0,5531,107251.0,6802,103735.0,102765.0,109548.0,102414.0,113215.0,111256.0,111700,134918.0,106613,121770.0,104987.0,9115,103059.0,189845.0,113035.0  -b 2018 -e 2019 -o new_release_part_3_74
sudo julia -p 7 fit_smiles.jl new_release_part_3_74
sudo julia -p 7 est_parameters.jl new_release_part_3_74
sudo rm data/raw_data/opt_data_new_release_part_3_74.csv
sudo rm data/raw_data/dist_data_new_release_part_3_74.csv
echo 'Done with group 74/84' >> tracking_file_new_release.txt

sudo python loading_data.py -s 134822.0,106842,103069.0,133989.0,106144.0,8126.0,162171.0,5536,105798.0,112252.0,7702.0,137677.0,119694.0,189191.0,5059,108642.0,5549,189900.0,104819.0,105209.0,134204.0,120923.0,101848.0,8929,104375.0,121796.0,5308,100872,109502,105905.0,107579.0,129756.0,6369.0,134718.0,110857.0,144465.0,8370,138455.0,207087.0,188516.0,5506,206153.0,5965,152392.0,142643.0,107755,109835.0,124130.0,161675.0,107493,111425.0,112125.0,205094.0,111853.0,6795,128807.0,134014.0,166820.0,104431.0,111028.0,107281.0,8143,101328.0,211108.0,110096.0,104060.0,213761.0,124927.0,105767,111339,109705,124169.0,101865.0,101925.0,5835.0,102048.0,109105.0,104397.0,101481.0,107751.0,103256,115085.0,135392.0,110551.0,110246.0,128020.0,117259.0,108929.0,110605.0,106045.0  -b 2018 -e 2019 -o new_release_part_3_75
sudo julia -p 7 fit_smiles.jl new_release_part_3_75
sudo julia -p 7 est_parameters.jl new_release_part_3_75
sudo rm data/raw_data/opt_data_new_release_part_3_75.csv
sudo rm data/raw_data/dist_data_new_release_part_3_75.csv
echo 'Done with group 75/84' >> tracking_file_new_release.txt

sudo python loading_data.py -s 105580.0,128090.0,108386.0,7188,107574.0,154407.0,106360.0,104813.0,113862.0,116775.0,144220.0,134006.0,109145.0,205626.0,116578.0,112049.0,210336.0,107518.0,107072.0,109699.0,122388.0,106160,154845.0,107048.0,107764.0,113082.0,7269,121610.0,6441,111310.0,106665.0,6361.0,111002.0,103226,102664.0,112419.0,125268.0,106741.0,6349,213427.0,107070.0,101293.0,6190,124195.0,102532.0,110792.0,7399.0,102368.0,208936.0,6175.0,125483.0,145781.0,112481.0,107931.0,155225.0,212668.0,6313,121519.0,138388.0,111812,102539.0,102101.0,110576.0,112625.0,110001.0,104272.0,101445.0,101022.0,161340.0,115247.0,102986.0,103876.0,189478.0,122054.0,111683.0,105360.0,106202.0,128533.0,103078.0,137644.0,145834.0,113748.0,124044.0,109800.0,115253.0,7403,101981.0,137650.0,114222.0,102996.0  -b 2018 -e 2019 -o new_release_part_3_76
sudo julia -p 7 fit_smiles.jl new_release_part_3_76
sudo julia -p 7 est_parameters.jl new_release_part_3_76
sudo rm data/raw_data/opt_data_new_release_part_3_76.csv
sudo rm data/raw_data/dist_data_new_release_part_3_76.csv
echo 'Done with group 76/84' >> tracking_file_new_release.txt

sudo python loading_data.py -s 103487.0,109171.0,102173.0,104288.0,138931.0,203881.0,106372,7778,5650,108483.0,121673.0,108377.0,104892.0,119695.0,203137.0,105828.0,103209.0,136270.0,106129.0,112186.0,105739.0,189251.0,102160.0,104092,213254.0,5400,9014,135221.0,103589.0,112852.0,102992.0,152914.0,138450.0,125245.0,137225.0,112615.0,107236.0,125572.0,128200.0,101842.0,6991,109484.0,134781.0,128531.0,143070.0,122755.0,8405.0,140793.0,8614,110744,151525.0,126678.0,101690.0,103007,102651,122760.0,6894,108479.0,108652.0,129530.0,154657.0,211685.0,6899,129366.0,103535,134703.0,137543.0,213700.0,105494,110308.0,8997.0,110555.0,207402.0,104601.0,107971.0,140531.0,126715.0,103771.0,125163.0,111399.0,112711.0,121822.0,128514.0,101810.0,7688.0,102827.0,106473.0,117101.0,146140.0,113433.0  -b 2018 -e 2019 -o new_release_part_3_77
sudo julia -p 7 fit_smiles.jl new_release_part_3_77
sudo julia -p 7 est_parameters.jl new_release_part_3_77
sudo rm data/raw_data/opt_data_new_release_part_3_77.csv
sudo rm data/raw_data/dist_data_new_release_part_3_77.csv
echo 'Done with group 77/84' >> tracking_file_new_release.txt

sudo python loading_data.py -s 213794.0,103837.0,106951.0,135126.0,114651.0,109132.0,8527,112228.0,106685.0,204795.0,107945.0,114274.0,124778.0,126832.0,142966.0,211751.0,8981.0,155249.0,137351.0,5738,109483.0,121779.0,129368.0,146284.0,208031.0,133922.0,104838.0,7245,102385.0,124991.0,112651.0,129350.0,203490.0,109773.0,110618.0,134666.0,106069.0,6907,109099.0,108108,134548.0,103518.0,116625.0,114456.0,137175.0,107186,6912,129664.0,110518.0,106342.0,135169.0,107447.0,102514.0,133980.0,213518.0,112501.0,213557.0,114265.0,109629.0,107225.0,111058.0,109224.0,103387,111533.0,143078.0,122393.0,113075.0,101422.0,111278.0,109710.0,129495.0,102645.0,144278.0,5976,5947,6109,189212.0,102754.0,126667.0,123281.0,105285.0,117795.0,123254.0,101079.0,107838.0,111879.0,151825.0,135018.0,115930.0,108648.0  -b 2018 -e 2019 -o new_release_part_3_78
sudo julia -p 7 fit_smiles.jl new_release_part_3_78
sudo julia -p 7 est_parameters.jl new_release_part_3_78
sudo rm data/raw_data/opt_data_new_release_part_3_78.csv
sudo rm data/raw_data/dist_data_new_release_part_3_78.csv
echo 'Done with group 78/84' >> tracking_file_new_release.txt

sudo python loading_data.py -s 128930.0,6914,137546.0,126892.0,105634.0,103161.0,103208.0,105078.0,112004,135276.0,114685.0,113442.0,109260.0,207194.0,110404.0,139113.0,136221.0,8209,106229.0,110747.0,103969.0,101735.0,209942.0,6256,111903.0,105168.0,126181.0,213417.0,104331,106756.0,205113.0,9398,7742,162292.0,105174.0,213071.0,105090.0,106017,5884,211341.0,102422.0,116790.0,102812.0,135219.0,110181.0,100866.0,120948.0,212981.0,8288,5352.0,135271.0,152885.0,123504.0,108573.0,103420.0,108708.0,210395.0,7348,108685.0,108872.0,7298.0,106269.0,8137,128543.0,155161.0,205940.0,144369.0,103181.0,117304.0,113457.0,102110.0,107166.0,112055.0,107895.0,121605.0,134420.0,129860.0,213834.0,101061,134254.0,128268.0,114249.0,111304.0,189606.0,108989.0,123791.0,111685.0,123847.0,109299.0,116543.0  -b 2018 -e 2019 -o new_release_part_3_79
sudo julia -p 7 fit_smiles.jl new_release_part_3_79
sudo julia -p 7 est_parameters.jl new_release_part_3_79
sudo rm data/raw_data/opt_data_new_release_part_3_79.csv
sudo rm data/raw_data/dist_data_new_release_part_3_79.csv
echo 'Done with group 79/84' >> tracking_file_new_release.txt

sudo python loading_data.py -s 104544.0,106368.0,188581.0,204758.0,123032.0,110584,112627.0,104485.0,104444.0,136233.0,112095.0,147337.0,110022.0,7433.0,104512.0,112439.0,146100.0,105641.0,144632.0,128134.0,9019,209658.0,162057.0,115172.0,104422.0,212044.0,203268.0,107761,106356,114676.0,105814.0,138358.0,106506.0,213418.0,8738,108784.0,135218.0,148489.0,112748.0,115443.0,123705.0,7112.0,147532.0,5590,5743,6035.0,7498.0,6389,109868.0,107383.0,104747.0,113161.0,8433,5346,107734.0,6859,111982.0,107612.0,114247.0,108940.0,120944.0,127742.0,121523.0,102953,109595.0,102706.0,213979.0,107069.0,123711.0,115449.0,108031.0,101984.0,110670.0,107737.0,103285.0,101825.0,104210,7555,102646.0,103111.0,108110.0,101012.0,111087.0,121995.0,122761.0,5359,207161.0,122351.0,5901,111520.0  -b 2018 -e 2019 -o new_release_part_3_80
sudo julia -p 7 fit_smiles.jl new_release_part_3_80
sudo julia -p 7 est_parameters.jl new_release_part_3_80
sudo rm data/raw_data/opt_data_new_release_part_3_80.csv
sudo rm data/raw_data/dist_data_new_release_part_3_80.csv
echo 'Done with group 80/84' >> tracking_file_new_release.txt

sudo python loading_data.py -s 106549.0,129569.0,101580.0,106185,109851.0,209670.0,129862.0,112148.0,104091.0,106768.0,104562.0,7184,213263.0,102995.0,101283.0,154317.0,136196.0,9217.0,213424.0,107600.0,103829.0,137560.0,152339.0,105589.0,103309.0,112609.0,106339.0,103533.0,106041.0,8578,112413.0,113033.0,124976.0,133991.0,7626,106383.0,107342.0,110365.0,145875.0,105712.0,205698.0,115650.0,108146.0,104136.0,144524.0,111492.0,126951.0,210602.0,140559.0,129039.0,109368,8540,117932.0,211305.0,107817.0,114886.0,100893.0,106259,111357.0,6465,110408.0,9124,108171.0,110607.0,106767.0,108605.0,140429.0,106598.0,135239.0,112165.0,125186.0,104552.0,109971.0,6476.0,8783,128053.0,134182.0,105584.0,105158.0,129481.0,123790.0,152484.0,147805.0,114692.0,8592.0,103872.0,103943.0,104889.0,152075.0,125130.0  -b 2018 -e 2019 -o new_release_part_3_81
sudo julia -p 7 fit_smiles.jl new_release_part_3_81
sudo julia -p 7 est_parameters.jl new_release_part_3_81
sudo rm data/raw_data/opt_data_new_release_part_3_81.csv
sudo rm data/raw_data/dist_data_new_release_part_3_81.csv
echo 'Done with group 81/84' >> tracking_file_new_release.txt

sudo python loading_data.py -s 106051.0,136214.0,189743.0,104802.0,104947.0,111536.0,154618.0,103372.0,109789.0,107841.0,8375,112256.0,111036.0,126184.0,108978.0,6007,8882,189250.0,6904,210797.0,102758.0,101911,139271.0,104395.0,110698,108825.0,110495,111301.0,189479.0,135184.0,104399.0,5450.0,139693.0,8827,144154.0,8342,6997.0,5943.0,5967,136208.0,137219.0,106223.0,102171.0,205822.0,7548,108982.0,9358,7247.0,7946,140294.0,104837.0,103510.0,107870,207649.0,111295.0,209547.0,116542.0,205848.0,5693,113160.0,189607.0,111234.0,103692.0,112478.0,111660.0,134361.0,101129.0,189727.0,128056.0,121997.0,102350,108843.0,112029.0,107356.0,104418.0,189988.0,108893.0,121768.0,102282.0,128220.0,112606.0,134007.0,111783.0,101869.0,106531.0,5635,107067.0,9243.0,109452.0,103344.0  -b 2018 -e 2019 -o new_release_part_3_82
sudo julia -p 7 fit_smiles.jl new_release_part_3_82
sudo julia -p 7 est_parameters.jl new_release_part_3_82
sudo rm data/raw_data/opt_data_new_release_part_3_82.csv
sudo rm data/raw_data/dist_data_new_release_part_3_82.csv
echo 'Done with group 82/84' >> tracking_file_new_release.txt

sudo python loading_data.py -s 112092.0,138636.0,5504.0,211402.0,9247,107126.0,110036.0,105462.0,9046,107272.0,105515.0,105031.0,107271.0,108172.0,107208.0,138394.0,106354.0,110580.0,8259,111626.0,111768.0,7596.0,108911.0,124651.0,101100,109130.0,102698.0,110967,104432.0,134809.0,107400.0,7787.0,5140,125470.0,111480,112247.0,7832,107439.0,104606,101776.0,138680.0,106155.0,108682.0,103545.0,118510.0,107634.0,6847,8684,101254,204222.0,108720.0,205209.0,128785.0,135017.0,5116,116280.0,129204.0,125515.0,162233.0,116783.0,210520.0,123088.0,6641,109520.0,5330,101051.0,105659.0,152074.0,105775,134734.0,138319.0,104564.0,155121.0,107688.0,105981.0,103848.0,103215.0,101338.0,148258.0,189281.0,9287,128055.0,189507.0,116554.0,106132.0,6347.0,111512.0,154312.0,121723.0,104171  -b 2018 -e 2019 -o new_release_part_3_83
sudo julia -p 7 fit_smiles.jl new_release_part_3_83
sudo julia -p 7 est_parameters.jl new_release_part_3_83
sudo rm data/raw_data/opt_data_new_release_part_3_83.csv
sudo rm data/raw_data/dist_data_new_release_part_3_83.csv
echo 'Done with group 83/84' >> tracking_file_new_release.txt

sudo python loading_data.py -s 111269.0,102742,102276.0,102779.0,207967.0,104337.0,166585.0,104667.0,112555.0,108800.0,162031.0,138895.0,120692.0,119884.0,121737.0,138553.0,105483.0,108065.0,108021,138484.0,161982.0,137267.0,137664.0,137565.0,7363,116260.0,102306.0,109344.0,203279.0,8771,103625.0,135520.0,110796.0,144364.0,115091.0,134629.0,113729.0,110514.0,213247.0,109866.0,6492.0,129101.0,101148,7894,106709.0,5293.0,103459.0,109684.0,101878,111848.0,110614.0,9397.0,125244.0,111658.0,103979.0,104810.0,116379.0,7516,134654.0,203285.0,135124.0,103803.0,112881.0,213511.0,134858.0,102932.0,110053.0,110831.0,211262.0,106001.0,106653,148612.0,146222.0,110075.0,111779.0,8602,102009.0,203565.0,110982.0,107139.0,102518,106903.0,110841.0,8754,109127.0,108212.0,7114,102978.0,126197.0,109234.0  -b 2018 -e 2019 -o new_release_part_3_84
sudo julia -p 7 fit_smiles.jl new_release_part_3_84
sudo julia -p 7 est_parameters.jl new_release_part_3_84
sudo rm data/raw_data/opt_data_new_release_part_3_84.csv
sudo rm data/raw_data/dist_data_new_release_part_3_84.csv
echo 'Done with group 84/84' >> tracking_file_new_release.txt

sudo python loading_data.py -s 111269.0,102742,102276.0,102779.0,207967.0,104337.0,166585.0,104667.0,112555.0,108800.0,162031.0,138895.0,120692.0,119884.0,121737.0,138553.0,105483.0,108065.0,108021,138484.0,161982.0,137267.0,137664.0,137565.0,7363,116260.0,102306.0,109344.0,203279.0,8771,103625.0,135520.0,110796.0,144364.0,115091.0,134629.0,113729.0,110514.0,213247.0,109866.0,6492.0,129101.0,101148,7894,106709.0,5293.0,103459.0,109684.0,101878,111848.0,110614.0,9397.0,125244.0,111658.0,103979.0,104810.0,116379.0,7516,134654.0,203285.0,135124.0,103803.0,112881.0,213511.0,134858.0,102932.0,110053.0,110831.0,211262.0,106001.0,106653,148612.0,146222.0,110075.0,111779.0,8602,102009.0,203565.0,110982.0,107139.0,102518,106903.0,110841.0,8754,109127.0,108212.0,7114,102978.0,126197.0,109234.0  -b 2018 -e 2019 -o new_release_residual_84
sudo julia -p 7 fit_smiles.jl new_release_residual_84
sudo julia -p 7 est_parameters.jl new_release_residual_84
sudo rm data/raw_data/opt_data_new_release_residual_84.csv
sudo rm data/raw_data/dist_data_new_release_residual_84.csv
echo 'Done with group 84/84' >> tracking_file_new_release.txt

